31286552
31286545
31271463
31267570
31264261
31250469
31250467
31246368
31246367
31246366
31246365
31246364
31246363
31246362
31246361
31240738
31231848
31222872
31197861
31184396
31184395
31184394
31184393
31184392
31184390
31184389
31184388
31184387
31184386
31184385
31184384
31184383
31169941
31165515
31165513
31165509
31157422
31157418
31157411
31149748
31149745
31136009
31135074
31135073
31134656
31134655
31134654
31134653
31134652
31134651
31134650
31134649
31134648
31134647
31119766
31115920
31115919
31115910
31107579
31099410
31094016
31094013
31087566
31074902
31074901
31074900
31074899
31074898
31074897
31074896
31074895
31074894
31074004
31069829
31066471
31059160
31035308
31032966
31025420
31025399
31025388
31020678
31020673
31016776
31016775
31016774
31016773
31016772
31016771
31016770
31016769
31016768
31016767
31016766
31006881
30989721
30983024
30983010
30982998
30980420
30977180
30977179
30977178
30977177
30977176
30977175
30977174
30977173
30977172
30977171
30977170
30972807
30972781
30957910
30950110
30950101
30934130
30932219
30932218
30924176
30920052
30920051
30920050
30920049
30920048
30920047
30920046
30920045
30920044
30920043
30920042
30920041
30920040
30920039
30920038
30920037
30920036
30920035
30920034
30920033
30920032
30920031
30908719
30908706
30895635
30891808
30887555
30882933
30874328
30873651
30868636
30868635
30868634
30868633
30868632
30868631
30868630
30868629
30868628
30868627
30864199
30854708
30854700
30854694
30847962
30843268
30843245
30836450
30828852
30828850
30828846
30828831
30828825
30820990
30811647
30811646
30811645
30811644
30811643
30811642
30811641
30811640
30811639
30811638
30811637
30811631
30805962
30793345
30784100
30773667
30773660
30773656
30761584
30761577
30761572
30761563
30761562
30761559
30746777
30746776
30746775
30746774
30746773
30746772
30746771
30746770
30746769
30746768
30746767
30740753
30740748
30740723
30735257
30735254
30734320
30714632
30714185
30714184
30706502
30706496
30706488
30695819
30689258
30689257
30689256
30689255
30689254
30689253
30687959
30687954
30687952
30687945
30681172
30671978
30671977
30663108
30663107
30663106
30663105
30663104
30663103
30663102
30663101
30663100
30663078
30663077
30663076
30663075
30663072
30650468
30637837
30637783
30628112
30628109
30628108
30628106
30600540
30592071
30592070
30589971
30589970
30589969
30589968
30589967
30589966
30589965
30589964
30589963
30588699
30588698
30588697
30588696
30588695
30588694
30588693
30588692
30588691
30588690
30588689
30585341
30585338
30585336
30569507
30569460
30561112
30561027
30548320
30548318
30548317
30548316
30548315
30506985
30506945
30506713
30506693
30506692
30506691
30488634
30488633
30488632
30488631
30488630
30488629
30488628
30488627
30488626
30488625
30488624
30488623
30488622
30488621
30488620
30488619
30485467
30485460
30484881
30484878
30484857
30467877
30467871
30450681
30450634
30450578
30443960
30430615
30430605
30417419
30417398
30411391
30411389
30411382
30378142
30378141
30375694
30375693
30375692
30375691
30375690
30375689
30375688
30375687
30375686
30375685
30375684
30375683
30375682
30375681
30370967
30362139
30353552
30345704
30345577
30334263
30318696
30318695
30318694
30318693
30318692
30318691
30318690
30318689
30318688
30318687
30318686
30318685
30318684
30318683
30318682
30318681
30318680
30318679
30318678
30306612
30306603
30295948
30294924
30294897
30294870
30294792
30288774
30288771
30288767
30284736
30281839
30281838
30281837
30281836
30281835
30281834
30281833
30281832
30281831
30281830
30281829
30281828
30277595
30246310
30246309
30246308
30246307
30246306
30246305
30226274
30226271
30206948
30194708
30194692
30194687
30178881
30178870
30178869
30156326
30156325
30156324
30156323
30156322
30156321
30156320
30156319
30156318
30144108
30136293
30136292
30136291
30132944
30132943
30132942
30132941
30132940
30132939
30132938
30126030
30126019
30125953
30125952
30109891
30109889
30095177
30095176
30069921
30069896
30069892
30069888
30067289
30063081
30063077
30058153
30047149
30039640
30039564
29998505
29998504
29998503
29998502
29998501
29998500
29998499
29998498
29998462
29984520
29984519
29984495
29984415
29978597
29971829
29963713
29956827
29956826
29956823
29952013
29939419
29939418
29939417
29939416
29939415
29939414
29939413
29939412
29939411
29939410
29939409
29939408
29920733
29920726
29920721
29920706
29920701
29920698
29920697
29901821
29901820
29897134
29897132
29882989
29882988
29882987
29882986
29882985
29882984
29882982
29882981
29882980
29882979
29882978
29882977
29882252
29878509
29878508
29878507
29878506
29878505
29878504
29878503
29878440
29878439
29878438
29878437
29878436
29878435
29878434
29878433
29878432
29878431
29878430
29878429
29878428
29878427
29878426
29878425
29878424
29878423
29878422
29878421
29878420
29878419
29878418
29878417
29878416
29878415
29878414
29878413
29878412
29876995
29876948
29876945
29873091
29869804
29863286
29863285
29863282
29863280
29856472
29851107
29851098
29851093
29851091
29808485
29797529
29797519
29797518
29797514
29785713
29741272
29741240
29737553
29733115
29722445
29722441
29722439
29722430
29701277
29696674
29696671
29696670
29696666
29696665
29676011
29676010
29676009
29676008
29676007
29676006
29676005
29672874
29667211
29665097
29665081
29665069
29665045
29655196
29644745
29644744
29644743
29644742
29644741
29644740
29644739
29644738
29644737
29644736
29644735
29644734
29644733
29644732
29644731
29637585
29620794
29611209
29611203
29601647
29601644
29577364
29577360
29577350
29577349
29574876
29574875
29574874
29574873
29574872
29574871
29574870
29574869
29574868
29574867
29572889
29572885
29569736
29536563
29536561
29536554
29528132
29528128
29520872
29520808
29516535
29512919
29512918
29512917
29512916
29512915
29512914
29512913
29512912
29512911
29512910
29512909
29512908
29512907
29512906
29512187
29508432
29508423
29508411
29504152
29498078
29492989
29492988
29488232
29479728
29468705
29468701
29468698
29460487
29460445
29460418
29446143
29446142
29446141
29446140
29446139
29446138
29446137
29446136
29446135
29446134
29446133
29446132
29446131
29446130
29446129
29446128
29446109
29446106
29446098
29430672
29430669
29424449
29417632
29417631
29417630
29417629
29417628
29417627
29417626
29417625
29417624
29411411
29411405
29411404
29388229
29384209
29377245
29377235
29377193
29377191
29372567
29372566
29369387
29368342
29359522
29359519
29359487
29359343
29359341
29349829
29349793
29349789
29341281
29341280
29341279
29341278
29341277
29341276
29341275
29341274
29341273
29341272
29333665
29333610
29327781
29327780
29327358
29322599
29322544
29322540
29315694
29314146
29314137
29314136
29314135
29314134
29314133
29314132
29314131
29314130
29314129
29314128
29314127
29314126
29314125
29314124
29314123
29314093
29271504
29271114
29270995
29266360
29266346
29265466
29265465
29265464
29265463
29265462
29265461
29265460
29265459
29265458
29265457
29265456
29265455
29250808
29250803
29250800
29243850
29239001
29226561
29226421
29226420
29226419
29226418
29226417
29226416
29226415
29226414
29226413
29226412
29226411
29226410
29226409
29226408
29226407
29226406
29226405
29226403
29226402
29226401
29226400
29226399
29226398
29226397
29226396
29226395
29226370
29210098
29210096
29210094
29205444
29205432
29205426
29205422
29205421
29205415
29205406
29205405
29193245
29193226
29193217
29181842
29181838
29164650
29159893
29159817
29148080
29124774
29115682
29105141
29105140
29105139
29105138
29105137
29105136
29105135
29105134
29105133
29105132
29105131
29105130
29105115
29105111
29105106
29083037
29083036
29076171
29064110
29052863
29052862
29052861
29052860
29052859
29052858
29052857
29052856
29052855
29052854
29052853
29052852
29052851
29052254
29052237
29044584
29035003
29035002
29034998
29034981
29027693
29027257
29023905
29023891
29023890
29023889
29023888
29023887
29023886
29023885
29023884
29023883
29023882
29023881
29023880
29023879
29023878
29023877
29023803
28994131
28994127
28994123
28994122
28983926
28980336
28960360
28949021
28949020
28949018
28940673
28940562
28940225
28914448
28914446
28901572
28901571
28901570
28901569
28901565
28892184
28892178
28892171
28884856
28884838
28881031
28881017
28880453
28880452
28880451
28880450
28880449
28880448
28880447
28880446
28880445
28880444
28880443
28880442
28880441
28880440
28877359
28869287
28869283
28857208
28836723
28836278
28833342
28833287
28815649
28815645
28805333
28805332
28805331
28805330
28805329
28805328
28805327
28805326
28805325
28805324
28805323
28805322
28805321
28805320
28805319
28805309
28805258
28799258
28791711
28782119
28782118
28776748
28776747
28776746
28776745
28776744
28776743
28776742
28776741
28776740
28776739
28776738
28776737
28776736
28776735
28776734
28776733
28766727
28752637
28752524
28737264
28707804
28707803
28707802
28707801
28707800
28707799
28707798
28707797
28707796
28707795
28707794
28707793
28707792
28707791
28707790
28707789
28707788
28707787
28707786
28707337
28707319
28691377
28691284
28677333
28677293
28677292
28677291
28677290
28677289
28677288
28677287
28677286
28677285
28677284
28677283
28677282
28677281
28677280
28677279
28677278
28677277
28671338
28664992
28660663
28660640
28653753
28653751
28639700
28627791
28627070
28621082
28621081
28621080
28621079
28621078
28621077
28621076
28621075
28621074
28621073
28621072
28621071
28621070
28621069
28621068
28621067
28621066
28621065
28613003
28612983
28593685
28589631
28589593
28589592
28589591
28589590
28589589
28589588
28589587
28589586
28589585
28589584
28589583
28589582
28589580
28589579
28589578
28589577
28589576
28589575
28589574
28585725
28573652
28569401
28568974
28547755
28543549
28543334
28543263
28543183
28524546
28513085
28504312
28503869
28503868
28503867
28503866
28503865
28503864
28503863
28503862
28497487
28488418
28488370
28488312
28481042
28481014
28481007
28474834
28474833
28474832
28474831
28474830
28474829
28474828
28474827
28474826
28474825
28470881
28470850
28470846
28470787
28464369
28464346
28464343
28464257
28449361
28449273
28449246
28449228
28449219
28449214
28449186
28440580
28440552
28436552
28417500
28417499
28417498
28417497
28417496
28417495
28417494
28417493
28417492
28382751
28382674
28378364
28378342
28370355
28370150
28370090
28370055
28370054
28370053
28370052
28370051
28370050
28370049
28370048
28370047
28370046
28370045
28370044
28370043
28370042
28370041
28370040
28370039
28370038
28370037
28370036
28370035
28370034
28345155
28326599
28326597
28326596
28326588
28326587
28326586
28326585
28326584
28326583
28326582
28326581
28326580
28326579
28326578
28326577
28326576
28326575
28326569
28326568
28326566
28318052
28318045
28318043
28271521
28261844
28261835
28261822
28256085
28256084
28256083
28256082
28256081
28256080
28252210
28252185
28247573
28244124
28239880
28239876
28239873
28239869
28233394
28230306
28230274
28229470
28225186
28220520
28220514
28220511
28211631
28211630
28211629
28211628
28211627
28211626
28211625
28211624
28211623
28211593
28206681
28206678
28185291
28176348
28176335
28169436
28164348
28164346
28164327
28164321
28150458
28150457
28150456
28150455
28150454
28150453
28150452
28150451
28150450
28150449
28144999
28139003
28138990
28116801
28116800
28116754
28112427
28112426
28112419
28105752
28105709
28105700
28097670
28083929
28078798
28078750
28078736
28078723
28074618
28074540
28074519
28074518
28074517
28074516
28074515
28074514
28074513
28074512
28074511
28074510
28074509
28074508
28074507
28074506
28074505
28074504
28074487
28070899
28052442
28052382
28043095
28043094
28043093
28043092
28043091
28043090
28043089
28028821
28025840
28008631
28004405
27995656
27995633
27976416
27957759
27943397
27933689
27933688
27933687
27933686
27928830
27925255
27910155
27910154
27910153
27910151
27910150
27910149
27910148
27910147
27910146
27910145
27910144
27910143
27910142
27910121
27910116
27910115
27910113
27896824
27896822
27896821
27891639
27891632
27885681
27883215
27878833
27878827
27868217
27868216
27868215
27862119
27862117
27862107
27862104
27862102
27862096
27862091
27859470
27859421
27859412
27859410
27859394
27813162
27813124
27813111
27807884
27790736
27790734
27790729
27781286
27778410
27778367
27778366
27778363
27730654
27774677
27734546
27734545
27734544
27734543
27734511
27730688
27714831
27696481
27696480
27696479
27696478
27696456
27696451
27679428
27677253
27670147
27669680
27666569
27666418
27659292
27650488
27640985
27640785
27640331
27634363
27634239
27634238
27634237
27634236
27634235
27634234
27634233
27634232
27634231
27634230
27634229
27634228
27630001
27629859
27611776
27604637
27604507
27593544
27593431
27593430
27593429
27593428
27593427
27593426
27593425
27582035
27562355
27562233
27554912
27554638
27549411
27549244
27549000
27539029
27534608
27534519
27528410
27518472
27518319
27511139
27511138
27511137
27511136
27511135
27511134
27507790
27506331
27506182
27502581
27492648
27485159
27485029
27484940
27484939
27484938
27484937
27484936
27484935
27484934
27484933
27481036
27466047
27464984
27464849
27464682
27464469
27459341
27444408
27444264
27444134
27443972
27443825
27417569
27417456
27417338
27413001
27413000
27412999
27412998
27412997
27412996
27407002
27402063
27401959
27397586
27385440
27385373
27375283
27375210
27375103
27375102
27375101
27375100
27375099
27375098
27375097
27375096
27375095
27375094
27375093
27373195
27363687
27363587
27363528
27363288
27349458
27302838
27302653
27301337
27296691
27296690
27296689
27296688
27296687
27296686
27296685
27296684
27296683
27296682
27296681
27296680
27291852
27291657
27279496
27279429
27265388
27250593
27250592
27250591
27250590
27250589
27250588
27247257
27242076
27241936
27240732
27240555
27237709
27226407
27226344
27218676
27199103
27198929
27193351
27193202
27189900
27170558
27170502
27166988
27166987
27166986
27166985
27166984
27166983
27151603
27145394
27137875
27137740
27137739
27137738
27137737
27137736
27137735
27137734
27137733
27137732
27137731
27137730
27137729
27137728
27137727
27137726
27137725
27137724
27137723
27137722
27136066
27125883
27121479
27117843
27117732
27110920
27098374
27091240
27091119
27087015
27086880
27086738
27086647
27072504
27072322
27072321
27072320
27072319
27072318
27061300
27061197
27061098
27060985
27060876
27060607
27040172
27040171
27040170
27040169
27040168
27040167
27040166
27040165
27040164
27038362
27038247
27028344
27000531
26991652
26991503
26991399
26991238
26991059
26956016
26953251
26947424
26939578
26932599
26932510
26932419
26932418
26932417
26932416
26932415
26932414
26932413
26932412
26932411
26923470
26919285
26913568
26913381
26909885
26898731
26892328
26890160
26880227
26876431
26876294
26876293
26876292
26876291
26876290
26876289
26876288
26876287
26876286
26876285
26864152
26858128
26857969
26849527
26847417
26847265
26843444
26843351
26843350
26843349
26843348
26843347
26843346
26843345
26843344
26843343
26843342
26843341
26843340
26843339
26843338
26843337
26843336
26843335
26834077
26806281
26806124
26806034
26791825
26787287
26784271
26782117
26782116
26782115
26782114
26782113
26782112
26766141
26765961
26762838
26753822
26753821
26753820
26753819
26749582
26749499
26749371
26748470
26741986
26741985
26741984
26741983
26741982
26725569
26694080
26669729
26669632
26662868
26662643
26662476
26638943
26638942
26638941
26638940
26638939
26638938
26638937
26638936
26638935
26638934
26638933
26638932
26638931
26638930
26638929
26623967
26618924
26618923
26618922
26618921
26618920
26612701
26607562
26597122
26592801
26592490
26582737
26582599
26567467
26560052
26559904
26559762
26559637
26549003
26548868
26541937
26541643
26538292
26527417
26527169
26526892
26526639
26526395
26516104
26515897
26510832
26510638
26510547
26510546
26510545
26510544
26510543
26510542
26510541
26510540
26503793
26503582
26503414
26472616
26470759
26463242
26449866
26449865
26449864
26449863
26449862
26449861
26435040
26434935
26427757
26427756
26427755
26427754
26423574
26423447
26423313
26400458
26388424
26381928
26381802
26376728
26374263
26374262
26374261
26374260
26374259
26374258
26374257
26369383
26365389
26365281
26358739
26354674
26345286
26345151
26331568
26331567
26331566
26331565
26331564
26331563
26331562
26331561
26331560
26331559
26331558
26331557
26331556
26331554
26314558
26314389
26314275
26310131
26307025
26304302
26304292
26290286
26290157
26282466
26278568
26278567
26278566
26278565
26278564
26278563
26278562
26278561
26278560
26278559
26271642
26271484
26271358
26271196
26264455
26264359
26264216
26250873
26250762
26238858
26238707
26238586
26238585
26238584
26238583
26238582
26238581
26238580
26238579
26238578
26238577
26235565
26235444
26228097
26223936
26223837
26216624
26211742
26206401
26202818
26202723
26202593
26201312
26198295
26198180
26193978
26179884
26179765
26179764
26179763
26179762
26179761
26179760
26177572
26174470
26153531
26151841
26148503
26147295
26147207
26147114
26147113
26147112
26147111
26147110
26147109
26146697
26146695
26140337
26129925
26119353
26119226
26113432
26113313
26104047
26104013
26096497
26096320
26088810
26081839
26081689
26081688
26081687
26081686
26079306
26076071
26075959
26075832
26059751
26059636
26059536
26046947
26043941
26040771
26040627
26040530
26040529
26040528
26040527
26040526
26040525
26040524
26040523
26040522
26040521
26040520
26040519
26040518
26032402
26032235
26032114
26031921
26018116
26014906
26011636
26011564
26011446
26011307
25997554
25996351
25989464
25982288
25982180
25982037
25973720
25973666
25968332
25968156
25968155
25968154
25968153
25968152
25968151
25968150
25968149
25968148
25968147
25963885
25946407
25946308
25946109
25946023
25945921
25945590
25945424
25939720
25939580
25939474
25939473
25939472
25939471
25939470
25939469
25939468
25939467
25939466
25939465
25939464
25939463
25939462
25939461
25926269
25917394
25913530
25913437
25903741
25903636
25898944
25898902
25898847
25898774
25881927
25881926
25881925
25881924
25881923
25881922
25873207
25871643
25871571
25864945
25864873
25858661
25858519
25858478
25858346
25858208
25855078
25846548
25846393
25846392
25846391
25846390
25846389
25846388
25846387
25846386
25846385
25825194
25819304
25819114
25809869
25809735
25809664
25809540
25809417
25809237
25801197
25801076
25786514
25783784
25783671
25781051
25781050
25781049
25781048
25781047
25781046
25781045
25781044
25781043
25781042
25781041
25781040
25781039
25781038
25776067
25756190
25753216
25753138
25753000
25752878
25752753
25736433
25736234
25736155
25736154
25736153
25736152
25736151
25736150
25736149
25736148
25736147
25736146
25736145
25736144
25736143
25736142
25736141
25728929
25728808
25728697
25728587
25715746
25707624
25703246
25703120
25693747
25693648
25693609
25684441
25684400
25684317
25678223
25659221
25659220
25659219
25659218
25659217
25659216
25659215
25659214
25659213
25659212
25659211
25659210
25659209
25652884
25648057
25631654
25631653
25631652
25631651
25631650
25631649
25631648
25627143
25627020
25619871
25616122
25616017
25604623
25599908
25594801
25588902
25588862
25588768
25586008
25581084
25580985
25580867
25523381
25523288
25523187
25521822
25521721
25521607
25511905
25511775
25511774
25511773
25511772
25511771
25511770
25511769
25511768
25511767
25511766
25511765
25496369
25496225
25496117
25483437
25483436
25483435
25483434
25483433
25483432
25483431
25475582
25471897
25429853
25429769
25413146
25413020
25412947
25403954
25394890
25382796
25382737
25376360
25376264
25376206
25376205
25376204
25376203
25376202
25376201
25376200
25376199
25376198
25376197
25367825
25355279
25348873
25348809
25348720
25339583
25339518
25329562
25329493
25327965
25327893
25316115
25316001
25312649
25312536
25312449
25303615
25303382
25303381
25303380
25303379
25303378
25303377
25303376
25303375
25303374
25287184
25284134
25280262
25280261
25280260
25280259
25280258
25280257
25280256
25280255
25280254
25278035
25277873
25270960
25270840
25267394
25267322
25267215
25263269
25263177
25263077
25262969
25230281
25230154
25230051
25229818
25229817
25229816
25229815
25229814
25229813
25229812
25229811
25209947
25208465
25200000
25199904
25199794
25186086
25185992
25185870
25185739
25185738
25185737
25185736
25185735
25185734
25185733
25176122
25175998
25175904
25164260
25164152
25155259
25155143
25146586
25146487
25146368
25131320
25123489
25123394
25123393
25123392
25123391
25123390
25123389
25123388
25123387
25123386
25123385
25123384
25123383
25115149
25112824
25112708
25112584
25109844
25109788
25109699
25109610
25109493
25103354
25103353
25103352
25103351
25103350
25103349
25103348
25103347
25100080
25099956
25087846
25078874
25078671
25078533
25066096
25066025
25065960
25060292
25060167
25056101
25052080
25041859
25041724
25041596
25041486
25041372
25041257
25041141
25040928
25040927
25040926
25040925
25040751
25040750
25040749
25040748
25040747
25040746
25040745
25040315
25040192
25040088
25039978
25039861
25039715
25039584
25039412
25039269
24980270
24961872
24961751
24957164
24946069
24946068
24946067
24946066
24946065
24946064
24946063
24946062
24946061
24946060
24946059
24946058
24943863
24943679
24943480
24943329
24943204
24943095
24942957
24912799
24912650
24909260
24903437
24903436
24903435
24903434
24903433
24903432
24903431
24903430
24903429
24903428
24898244
24890045
24889902
24889779
24889599
24889390
24889212
24863854
24853043
24849268
24849166
24849165
24849164
24849163
24849162
24849161
24849160
24849159
24849158
24849157
24849156
24849155
24849154
24849153
24849152
24849151
24849150
24849149
24844799
24832591
24832463
24832176
24832002
24815622
24815494
24815298
24815064
24805127
24803258
24803257
24803256
24803255
24803254
24803253
24803252
24803251
24803250
24803249
24803248
24803247
24803246
24803245
24779703
24779671
24754260
24754233
24749828
24749792
24749763
24738722
24738701
24738651
24738629
24738606
24738574
24735153
24735152
24735151
24735150
24735149
24735148
24735147
24735146
24735145
24735144
24735143
24735142
24735141
24735140
24735139
24735138
24735137
24735136
24702235
24697851
24697826
24689499
24689456
24689353
24689352
24689351
24689350
24689349
24689348
24689347
24689346
24689345
24689344
24689343
24684435
24666381
24665829
24661128
24654740
24654697
24654657
24654629
24641622
24641590
24641570
24635318
24635317
24635316
24635315
24635314
24635313
24635312
24635311
24628539
24628514
24628492
24628464
24628434
24628398
24617286
24612362
24612332
24612312
24612291
24612278
24612251
24612215
24612190
24612165
24612141
24612116
24612075
24612051
24612021
24612000
24611981
24611957
24611938
24605866
24602022
24593121
24593050
24588342
24588323
24588280
24588252
24588251
24588250
24588249
24588248
24588247
24588246
24528130
24528093
24512625
24506221
24506179
24494854
24494853
24494852
24494851
24494850
24494849
24494848
24494847
24494846
24494845
24494844
24494843
24494842
24494841
24494840
24494839
24479980
24471505
24467480
24467455
24461332
24461301
24461252
24461198
24461160
24461085
24447320
24447319
24447318
24447317
24447316
24447315
24447314
24444171
24433216
24428688
24428642
24417250
24405149
24397330
24397329
24397328
24397327
24397326
24397325
24397324
24397323
24397322
24397321
24397320
24392888
24387672
24387637
24387618
24387341
24387318
24387289
24372568
24330248
24330247
24330246
24330245
24330244
24330243
24330242
24330241
24330240
24330239
24330238
24308871
24308856
24308816
24308797
24308774
24308755
24308724
24308698
24304163
24299329
24299328
24299327
24299326
24299325
24299324
24299323
24299322
24279580
24266536
24261965
24261924
24251969
24251930
24237037
24236989
24206566
24206524
24206433
24206381
24206380
24206379
24206378
24206377
24206376
24206375
24206374
24206373
24206372
24206371
24205831
24172277
24138390
24138337
24138313
24138285
24134503
24134502
24134501
24134500
24134499
24134498
24127738
24127691
24127648
24118102
24118079
24118051
24117847
24117797
24117767
24117728
24117692
24117619
24117596
24117503
24117471
24102340
24102305
24099481
24099480
24099479
24099478
24099477
24099476
24099475
24099474
24099473
24099472
24099471
24099470
24099469
24099468
24099467
24099466
24079938
24074312
24074311
24074310
24074309
24074308
24074307
24053733
24033551
24028331
24024834
24024757
24024705
24010812
24004101
24004045
24004000
24003975
24001128
24001101
24001100
24001099
24001098
23992228
23981126
23981105
23981095
23981066
23981040
23980933
23964736
23964735
23964734
23964733
23964732
23957734
23957710
23957669
23957651
23957631
23957603
23957569
23957526
23957462
23957437
23957383
23937472
23937471
23937470
23937469
23937468
23937467
23937466
23937465
23937464
23937463
23937462
23937461
23937460
23937459
23937458
23937457
23915096
23915046
23915021
23914999
23895770
23889765
23889738
23888883
23879720
23879699
23879668
23869398
23859492
23855477
23855425
23855401
23855400
23855399
23855398
23855397
23855396
23855395
23848254
23848220
23841880
23837796
23837741
23834298
23826890
23822578
23815183
23808490
23808419
23808418
23808417
23802888
23802849
23799975
23799948
23799922
23796212
23786291
23786250
23786226
23786213
23786158
23782240
23772907
23772906
23772905
23772904
23772903
23772902
23772901
23772900
23763279
23750991
23750909
23738791
23738790
23738789
23734840
23730956
23730933
23725363
23725320
23725230
23725204
23721547
23718573
23718547
23718288
23713520
23710895
23710837
23710797
23710734
23710689
23701393
23692061
23692025
23675854
23668698
23659347
23656497
23656465
23656425
23656424
23656423
23656422
23656421
23656420
23656419
23656418
23650912
23639004
23638982
23638954
23617618
23611411
23600790
23600758
23590547
23590546
23590545
23590544
23590543
23590542
23590541
23590540
23590539
23590538
23590537
23590536
23581537
23581515
23577724
23574302
23574267
23565820
23560727
23557139
23557103
23557078
23551161
23551160
23551159
23551158
23551157
23551156
23550660
23550618
23550594
23550536
23530880
23521659
23496318
23496317
23496316
23496315
23496314
23496313
23496312
23496311
23496310
23489068
23489011
23480216
23480145
23461575
23458545
23458544
23458543
23458542
23458541
23458540
23458539
23458538
23458537
23458536
23458535
23458534
23458533
23458532
23458531
23458529
23458528
23451882
23451861
23451835
23451806
23451764
23441936
23441892
23432460
23432436
23432394
23432370
23432320
23432193
23432146
23432107
23421379
23414061
23413984
23406411
23406410
23406409
23406408
23406407
23406406
23384408
23384404
23383649
23383603
23369168
23369167
23360085
23347359
23347334
23347191
23336693
23336692
23336691
23336690
23336689
23336688
23336687
23336686
23336685
23336684
23336683
23336682
23336681
23336680
23336679
23336678
23331163
23311461
23305085
23305043
23293917
23293873
23289763
23289740
23289713
23289640
23289600
23289539
23281732
23281731
23281730
23281729
23281728
23281727
23281726
23281725
23281724
23281723
23278246
23278192
23278163
23278125
23252788
23252787
23252786
23252785
23252784
23252783
23252782
23252781
23252780
23252779
23252778
23252777
23252776
23252775
23240738
23216531
23216458
23216412
23205619
23205588
23205554
23205488
23205487
23205486
23205485
23205484
23205483
23205482
23205481
23205480
23205478
23205476
23205475
23205473
23205472
23199022
23190336
23190299
23190209
23190184
23190161
23181359
23173868
23173821
23171385
23163663
23163616
23163592
23163564
23163563
23163560
23157692
23151246
23146100
23134470
23134444
23130779
23130778
23130775
23130773
23130772
23130770
23130768
23130766
23130764
23126338
23121227
23121200
23121166
23121150
23121117
23121085
23116208
23116185
23106129
23106105
23095030
23094860
23072686
23072648
23072629
23072608
23072605
23072603
23072602
23072601
23072600
23066946
23066911
23066886
23061650
23061548
23061526
23057494
23035890
23034135
23009227
23002804
23002720
22998687
22994460
22984958
22984956
22978669
22978645
22973822
22971085
22971050
22971016
22967027
22966992
22966967
22966946
22966908
22966851
22966803
22966802
22966799
22966797
22966796
22966794
22966793
22958053
22957985
22957944
22937722
22928604
22928581
22928529
22928490
22924336
22913854
22913852
22913850
22913848
22913846
22913844
22913842
22908905
22906241
22905651
22882464
22882428
22861200
22860894
22860764
22860690
22860616
22860615
22860613
22860612
22860610
22831465
22827718
22827693
22817677
22817655
22817613
22817525
22817400
22804104
22803691
22803651
22803650
22803649
22803648
22803647
22803646
22803645
22803644
22784296
22784257
22779779
22779737
22779693
22762290
22762246
22747509
22747458
22747456
22747455
22747453
22747451
22747450
22742578
22742526
22738299
22730920
22725726
22716127
22708649
22703469
22703467
22703466
22703462
22703461
22703460
22703458
22703456
22703454
22690748
22686333
22686286
22680836
22670841
22670798
22670722
22670705
22670660
22650647
22650495
22650494
22650492
22646167
22646133
22621660
22617015
22616981
22612376
22612326
22612303
22607579
22607536
22591220
22591184
22591121
22591106
22591037
22582872
22582841
22582840
22582839
22577955
22568682
22554291
22554256
22554233
22548492
22548471
22548469
22540887
22540869
22540836
25123206
25099780
25099779
25099778
22536808
22536781
22531114
22531096
22530631
22530607
22530565
22524415
22524320
22519568
22519466
22510027
22506582
22506552
22506515
22506503
22500472
22490057
22486730
22486716
22486630
22486579
22486552
22486532
22469191
22469155
22469098
22469071
22469033
22452652
22452620
22449290
22449261
22449251
22443179
22443153
22436044
22436042
22436041
22436039
22436038
22436036
22436034
22432733
22432696
22429190
22428801
22428773
22428731
22428660
22428605
22428565
22428533
22404517
22404486
22404452
22404417
22404415
22404413
22404412
22404411
22404408
22404407
22404405
22404404
22404402
22404400
22403816
22385471
22380529
22372560
22372517
22369682
22360430
22360412
22360370
22356659
22356640
22348605
22348593
22348540
22348522
22348521
22324448
22324425
22324389
22316503
22316435
22315951
22313346
22313322
22300127
22300126
22300125
22296568
22288441
22288419
22273482
22260637
22260552
22257108
22257079
22251435
22251419
22248428
22248426
22248425
22248423
22243034
22239853
22239831
22239821
22239070
22229532
22229513
22229478
22225574
22225544
22225517
22221317
22221289
22221254
22221203
22221173
22221140
22221088
22221087
22221085
22221083
22221081
22211845
22211824
22191671
22176478
22176465
22176384
22172087
22172085
22172084
22172082
22172080
22150569
22150544
22150542
22150540
22150538
22150536
22150535
22146122
22145590
22142227
22129228
22129201
22117531
22112043
22112005
22111971
22111942
22111863
22093056
22085402
22085379
22085378
22085376
22077344
22074268
22070187
22070159
22066530
22061077
22060887
22059453
22059387
22050199
22050141
22050113
22050052
22050009
22035045
22032637
22017749
22007836
22004257
22004256
22004255
22004254
22004253
21999643
21999607
21999576
21999527
21999489
21981787
21981762
21981739
21981738
21981736
21981734
21981732
21978243
21967618
21967576
21967547
21967506
21958438
21957906
21957881
21933219
21933217
21933215
21933214
21933212
21933210
21933208
21933206
21933204
21929591
21929562
21929546
21923715
21923713
21919927
21899584
21899583
21899582
21896046
21896044
21896042
21896040
21883327
21883326
21883325
21883324
21883323
21883322
21854401
21851372
21851370
21848870
21848857
21848856
21848855
21848799
21848798
21848797
21848796
21848795
21848794
21848630
21848629
21848628
21848603
21815901
21815900
21815899
21810115
21806649
21806648
21806647
21806646
21806645
21806643
21806641
21806639
21793864
21790685
21790684
21790683
21790682
21790681
21790680
21777262
21770991
21767283
21767281
21762186
21752038
21745241
21736598
21726258
21726257
21726256
21726254
21726253
21726252
21726250
21726248
21722149
21714794
21707682
21707681
21707680
21707679
21692822
21692821
21692820
21682756
21682755
21682754
21679214
21679212
21679211
21679210
21679209
21679208
21679206
21679204
21671970
21671968
21671967
21671966
21668459
21668458
21651595
21651594
21645018
21631560
21631559
21631558
21631556
21631555
21631554
21631553
21631552
21631550
21623852
21623851
21623850
21615760
21615440
21615439
21615438
21615437
21615436
21615435
21615434
21605146
21585410
21585409
21585408
21585407
21569068
21569067
21569065
21569063
21564144
21554357
21545606
21545473
21545472
21539589
21539588
21539587
21539586
21535447
21535446
21535445
21535058
21535056
21535054
21535053
21535052
21535051
21521250
21517924
21517923
21517922
21517921
21517920
21507030
21507029
21507028
21501198
21492197
21488922
21488920
21488918
21488916
21488915
21488914
21488913
21480936
21480935
21470257
21466568
21457290
21453401
21453322
21453321
21443537
21443536
21443535
21434953
21434951
21434949
21418261
21418260
21416659
21410733
21395632
21395631
21395630
21385195
21385194
21385193
21385192
21366630
21366638
21366637
21366636
21366635
21366634
21366633
21366632
21366631
21366629
21342212
21342211
21332763
21332762
21323689
21323688
21320139
21320138
21320137
21320136
21306407
21306406
21303400
21303399
21281319
21272047
21261670
21261669
21255060
21255059
21255044
21251033
21251032
21251031
21251030
21251029
21235604
21235603
21235601
21235599
21235598
21223344
21223343
21219371
21214610
21210831
21208245
21205257
21205256
21204888
21204887
21198709
21198708
21198707
21198706
21198705
21198704
21198703
21198702
21198700
21198699
21175704
21166832
21158879
21158878
21155856
21155854
21138458
21138457
21138456
21138455
21138454
21138453
21138452
21133961
21133960
21128987
21128985
21128984
21118397
21118396
21118395
21118281
21118280
21114792
21114791
21091524
21091523
21054452
21083674
21083673
21083672
21083671
21083596
21083595
21083594
21083593
21083592
21083591
21083590
21083589
21083588
21083587
21083586
21083585
21083584
21083583
21083582
21083581
21083580
21050244
21050243
21050242
21050241
21050240
21050239
21050238
21050237
21050236
21050235
21050234
21050233
21050232
21050231
21039684
21039682
21039680
21039679
21039678
21039677
21039676
21039675
21039674
21039673
21039672
21039671
20955450
20955448
20955447
20955446
20955445
20955444
20955443
20955442
20955441
20955440
20937051
20937050
20937049
20937048
20937047
20937046
20937045
20937044
20937043
20937042
20937041
20839389
20839388
20839387
20839385
20827806
20822500
20815833
20815832
20815830
20815829
20807218
20807217
20807216
20804454
20804451
20735783
20735782
20735774
20670219
20670218
20662786
20662785
20662784
20662774
20662773
20659285
20659284
20659283
20659282
20653635
20636704
20636703
20636702
20636700
20636631
20636630
20636628
20636626
20636625
20636624
20636622
20636483
20629977
20629976
20629975
20629974
20629973
20629972
20626735
20626734
20626383
20626382
20626381
20626380
20608910
20604748
20597879
20597877
20528829
20528828
20528827
20528826
20518756
20518755
20518754
20500735
20500734
20500733
20500732
20497147
20497146
20497145
20497144
20497143
20497142
20497141
20497140
20497139
20497138
20497137
20497136
20491750
20491749
20491748
20491747
20491746
20491745
20491744
20491743
20491742
20491741
20491740
20456311
20456310
20456309
20456308
20456307
20456306
20456305
20456304
20456303
20456302
20456301
20456300
20415841
20415840
20415834
20415832
20415830
20412066
20412065
20412064
20384611
20384610
20384609
20374227
20374226
20374225
20374224
20374223
20374222
20353497
20353496
20345511
20345510
20345509
20345501
20345500
20331582
20331581
20331580
20331579
20331578
20331577
20298497
20298496
20236258
20236257
20236256
20222917
20222916
20222915
20222914
20222913
20222912
20222911
20222910
20222909
20222908
20222907
20199498
20180789
20180788
20180787
20180786
20180785
20180784
20175770
20175769
20175768
20175767
20175766
20175765
20163379
20163378
20163377
20163376
20163375
20148798
20146702
20146701
20136803
20136802
20132154
20132153
20132152
20132151
20132150
20121720
20102356
20102355
20102354
20102353
20102352
20096019
20096018
20096017
20085565
20078501
20078500
20078498
20070284
20064142
20055785
20055784
20047581
20047580
20047579
20047578
20047577
20015104
20015103
20015102
20003176
20003096
20003095
20003094
20003093
20002033
20002031
20002030
20002027
20002026
20002025
19958311
19958310
19958309
19925501
19925500
19925499
19925498
19925497
19925496
19912155
19912152
19899197
19891667
19891666
19891665
19888919
19886950
19886949
19886948
19878152
19878151
19878150
19878149
19863498
19863497
19863496
19863495
19857214
19849688
19845568
19845567
19845566
19843025
19832728
19832727
19832726
19821808
19821807
19817724
19817723
19817722
19814747
19814746
19814745
19814744
19814743
19807727
19807726
19807724
19804466
19785626
19785625
19785624
19785623
19785622
19769634
19769633
19764940
19758398
19758397
19751360
19744134
19737152
19737151
19735233
19735232
19735231
19735230
19723029
19709098
19709097
19709096
19709095
19706150
19706149
19706148
19706147
19702644
19694636
19691671
19691670
19691669
19691668
19691667
19681819
19681818
19681811
19681810
19681809
19678814
19678813
19678812
19664074
19660016
19650826
19650825
19624550
19624549
19624467
19624465
19624463
19604181
19604180
19604179
19604178
19604177
19594486
19583709
19575764
19575763
19575762
19573170
19573169
19573168
19573167
19570102
19566909
19566906
19566905
19563503
19563502
19558609
19558608
19558563
19558562
19552632
19552631
19549288
19549287
19549266
19549265
19549264
19549263
19523177
19523176
19523175
19519733
19519732
19508613
19508612
19508404
19508403
19500084
19493257
19493256
19485982
19485981
19485980
19485979
19485978
19485977
19485976
19473128
19473126
19469765
19459830
19459829
19438848
19438847
19438846
19438429
19438428
19438427
19438426
19438425
19438424
19438416
19416134
19416133
19416132
19416131
19416130
19392871
19392870
19392869
19392868
19392867
19392866
19392865
19392864
19392863
19392862
19392861
19392860
19392859
19392858
19379461
19344474
19338648
19309390
19309389
19302265
19302264
19302263
19302262
19302074
19298585
19298584
19298583
19298582
19298581
19298580
19292832
19284407
19245681
19243357
19243356
19243355
19236313
19236312
19226291
19226290
19222417
19222416
19222415
19222414
19222413
19222412
19222411
19222410
19222409
19222408
19222407
19220208
19220207
19210493
19210299
19210298
19210297
19210291
19210290
19210289
19210288
19183340
19183339
19183338
19183163
19183162
19183161
19183160
19183158
19183157
19183156
19183155
19183154
19183153
19183152
19183151
19183150
19183149
19183148
19183147
19183146
19183145
19183144
19183143
19183142
19170660
19154568
19154567
19154566
19145736
19145735
19145734
19145733
19145732
19145731
19145730
19145729
19145728
19145727
19145726
19145725
19143046
19132970
19132968
20738263
19086334
19086333
19086332
19086331
19086330
19086329
19086328
19086238
19086237
19086236
19086235
19086234
19077129
19077107
19077106
19076934
19053987
19053986
19053985
19053984
19053983
19053982
19053981
19053980
19035983
19035982
19035981
19035980
19035979
19035978
19035977
19035976
19035975
19035974
19035973
19035972
19035971
19035970
19035969
19035968
19035967
19035966
19035965
19006542
19006541
19006540
19006538
19006537
18959524
18945264
18945263
18945262
18945261
18945260
18945259
18945258
18945257
18945256
18945255
18945254
18945253
18945252
18945251
18945250
18808446
18808445
18808444
18808443
18803759
18801056
18801055
18793342
18793341
18793340
18785989
18785988
18774949
18761707
18761706
18761705
18761704
18761703
18752631
18752630
18729848
18729847
18729846
18729845
18715401
18715399
18715397
18714440
18710436
18705692
18702676
18700898
18699869
18691352
18691351
18691350
18691349
18684245
18680550
18671779
18671778
18671777
18671776
18671775
18671774
18657134
18657133
18657132
18657131
18657130
18652603
18647283
18647282
18644012
18644011
18644010
18643922
18638079
18638078
18638077
18638076
18638075
18637098
18637097
18637004
18637003
18627364
18627363
18627362
18624791
18624788
18616647
18616644
18616643
18616641
18616518
18616516
18611188
18573106
18565160
18565159
18564325
18564324
18564323
18557988
18557987
18549465
18549464
18549463
18549462
18549461
18549460
18549459
18544074
18544073
18532993
18532992
18532991
18532990
18532989
18532946
18513380
18513379
18513202
18498448
18498447
18498446
18498445
18485129
18485128
18485127
18466359
18466358
18462268
18462266
18445142
18445141
18433467
18416729
18410563
18410562
18410560
18410559
18410558
18410557
18410556
18397389
18397387
18397386
18397385
18384664
18384663
18384662
18380800
18373730
18373637
18373636
18373635
18373634
18363898
18363897
18363896
18363895
18363894
18363893
18363892
18363891
18346187
18346186
18346185
18331614
18331613
18331464
18331463
18331462
18315591
18315590
18315589
18315588
18315587
18315586
18315585
18315584
18315583
18315582
18315581
18315580
18315579
18315578
18307645
18307644
18307643
18298639
18298638
18284655
18284654
18284653
18284652
18284651
18284650
18284649
18284648
18284647
18284646
18266997
18266996
18266995
18266994
18266993
18248660
18248659
18248658
18248657
18248656
18248655
18248654
18248653
18226115
18221411
18221410
18221409
18221408
18221407
18221405
18221404
18208572
18208571
18208570
18194509
18194508
18194507
18194506
18194505
18194504
18194503
18194502
18194500
18194499
18194498
18194497
18194496
18194495
18194494
18194493
18081667
18081666
18081665
18081664
18081663
18081662
18081661
18081660
18081659
18081658
18081657
18081656
18081655
18081654
18081653
18081652
18081651
18081650
18081649
18081648
18081647
18081646
18081645
18081644
18081643
18081642
18162083
18162082
18162081
18081738
18081737
18081736
18081735
18081733
18081732
18081731
18081730
18081729
18062791
17958518
17958517
17958516
17958515
17958514
17958513
18047565
18047564
18047563
18045244
18039229
18005248
18005247
18005244
17999716
17996017
17988237
17988236
17988235
17988233
17983369
17983368
17973975
17973974
17973647
17973646
17973645
17973644
17973643
17956598
17956597
17956596
17956595
17949472
17944997
17944996
17944995
17944742
17944741
17944740
17944739
17944738
17944737
17944736
17944735
17944734
17944733
17944732
17931346
17931345
17931344
17922802
17922801
17922800
17919277
17919276
17919275
17919274
17919273
17919272
17919271
17919270
17903237
17903236
17903235
17900269
17900268
17900267
17894659
17894658
17894657
17894656
17894655
17894654
17894653
17894652
17894651
17892526
17892525
17892524
17892523
17892522
17877518
17877516
17877515
17877514
17877513
17877512
17877511
17877510
17877509
17877508
17877507
17877506
17877505
17877504
17875198
17868433
17868432
17868431
17850420
17850419
17848183
17848182
17848181
17848180
17767483
17767481
17767480
17767479
17767478
17767477
17767476
17767475
17767474
17767473
17767472
17767471
17767470
17767469
17767468
17767467
17767466
17767465
17767464
17767463
17767462
17767461
17697209
17697208
17697207
17697206
17697205
17697204
17697203
17697202
17697201
17697200
17697199
17697198
17697197
17661766
17661765
17661764
17661763
17661762
17661761
17661760
17661759
17661758
17661757
17661756
17635386
17635385
17635384
17635383
17635382
17635381
17635380
17635379
17635378
17635377
17635376
17635375
17635374
17635373
17635372
17635371
17635370
17635369
17635368
17635367
17593076
17593075
17593074
17593073
17593072
17593071
17593070
17593069
17593068
17593067
17593066
17593065
17593064
17593063
17593062
17593061
17593060
17555429
17555428
17555427
17555426
17555425
17555424
17555423
17555422
17555421
17555420
17555419
17555418
17555417
17555416
17539987
17539986
17539985
17539984
17539983
17539982
17539981
17539980
17539979
17539978
17539977
17539976
17509104
17509103
17509102
17509101
17509100
17509099
17509098
17509097
17509096
17509095
17509094
17451571
17451570
17451569
17451568
17451567
17451566
17451565
17451564
17451563
17451562
17451561
17451560
17439515
17439514
17439513
17439512
17439511
17439510
17439509
17439508
17439507
17439506
17439505
17439504
17439503
17439502
17439501
17403004
17403003
17403002
17403001
17403000
17402999
17402998
17402997
17402996
17402995
17402994
17402993
17402992
17402991
17402990
17402989
17373927
17373926
17373925
17373924
17373923
17373922
17373921
17373920
17373919
17373918
17373917
17373916
17373915
17373914
17373913
17311607
17311606
17311605
17311604
17311603
17311602
17311601
17311600
17311599
17311598
17311597
17305765
17305764
17305763
17305762
17305761
17305760
17305759
17305758
17305757
17305756
17305755
17305754
17295849
17295848
17295847
17295846
17295845
17270008
17270007
17270006
17270005
17270004
17270003
17270002
17270001
17270000
17269999
17269998
17269997
17269996
17269995
17269994
17269993
17269992
17269991
17269990
17269989
17269988
17269987
17229245
17229244
17229243
17229242
17229241
17229240
17229239
17229238
17229237
17229236
17229225
17229224
17229223
17229222
17229221
17229220
17229219
17229218
17229217
17229216
17217455
17217454
17217453
17217452
17217451
17217450
17217449
17217448
17217445
17217444
17209861
17209848
17206951
17206950
17206949
17206948
17206947
17206946
17206945
17206944
17206943
17206942
17206941
17206940
17116123
17094775
17094774
17094773
17081169
17081167
17081166
17081165
17081164
17081163
17081162
17081161
17059521
17059520
17059519
17059518
17059517
17059516
17059515
17059514
17059513
17059512
17059511
17059510
17059509
17042776
17032286
17032285
17032284
17032283
17032282
17032281
17014589
17014587
17014585
17014584
17014583
17014582
17014581
17014580
17014579
17014578
17014577
17014576
17014575
17014574
17014573
16984507
16984506
16984505
16984504
16984503
16984502
16984501
16984500
16984499
16984498
16984497
16984496
16984495
16984494
16984493
16961752
16961751
16961750
16961749
16961748
16961747
16961746
16961745
16961744
16961743
16961742
16961741
16961740
16961739
16961738
16961737
16961736
16948810
16948809
16948808
16948807
16948806
16948805
16948804
16948803
16948802
16939430
16939429
16939428
16939427
16939425
16939424
16939423
16939422
16918894
16918893
16918892
16918891
16918890
16918889
16918888
16918887
16918886
16918885
16918884
16918883
16918882
16918881
16918880
16918879
16918878
16918877
16918876
16918875
16907904
16907902
16907901
16907900
16907899
16907898
16907897
16907896
16907895
16907894
16907893
16907892
16907891
16907890
16886923
16886922
16886921
16886920
16886919
16886918
16886917
16886916
16886915
16886914
16886913
16886912
16886911
16886910
16842471
16842470
16842469
16842468
16842467
16842466
16842465
16842464
16842463
16842462
16842461
16842460
16842459
16842458
16842457
16842456
16842455
16842454
16842453
16842452
16842451
16842450
16842449
16842448
16842447
16842446
16827813
16827812
16827811
16817920
16817919
16817918
16817917
16817916
16817915
16817914
16817913
16817912
16817911
16803614
16803613
16803612
16803611
16803610
16803609
16803608
16803607
16803606
16803605
16803604
16803603
16803602
16803601
16803600
16803599
16700900
16700899
16700898
16700897
16696821
16696819
16696818
16696817
16696816
16696815
16696814
16696813
16696812
16696811
16696810
16696809
16696808
16696807
16696806
16696805
16696804
16696803
16696802
16696801
16696800
16696799
16696798
16669964
16669963
16669962
16669961
16669960
16669959
16669958
16669957
16669956
16669955
16669954
16669953
16629946
16629944
16629943
16629942
16629941
16629940
16629939
16629938
16629937
16629936
16629935
16629934
16629933
16611298
16611296
16611294
16611292
16611290
16611289
16611288
16611287
16611286
16611285
16611284
16611283
16611282
16611281
16611280
16611279
16611278
16611277
16611276
16611275
16611274
16611273
16611272
16611271
16611270
16611269
16611268
16611267
16611266
16611265
16611264
16611263
16573806
16573804
16573803
16573802
16573801
16573800
16573799
16573798
16573797
16573796
16573795
16573794
16573793
16573792
16573791
16573790
16573789
16573788
16573787
16556186
16556185
16556184
16556183
16556182
16556181
16556180
16556179
16556178
16556177
16556176
16556175
16556174
16556173
16556172
16556171
16556170
16483269
16483268
16483267
16483266
16483265
16483264
16480408
16480407
16480406
16480405
16480404
16480403
16480402
16480401
16480400
16480399
16480398
16480397
16480396
16480395
16441478
16441476
16441475
16441474
16441473
16441472
16441471
16441470
16441469
16441468
16441467
16441466
16441465
16423004
16423003
16423002
16423001
16423000
16422999
16422998
16422997
16422996
16422995
16422994
16422993
16393314
16393313
16393312
16393311
16393310
16393309
16393308
16393307
16393306
16393305
16393304
16393303
16393302
16393301
16393300
16393299
16393298
16393297
16393296
16393295
16393294
16393293
16393292
16393291
16393290
16393289
16393288
16393287
16393286
16393285
16393284
16393283
16393282
16393281
16393280
16393279
16393278
16393277
16393276
16393275
16305735
16305734
16305732
16305731
16305730
16305729
16305728
16305727
16305726
16305725
16305724
16305723
16305722
16305721
16305720
16305719
16305718
16303038
16303037
16303036
16303035
16303034
16303033
16303032
16303031
16303030
16268980
16268979
16268978
16268977
16268976
16268975
16268974
16268973
16268972
16268971
16268970
16268969
16268968
16268967
16268966
16268965
16268964
16268963
16225502
16225500
16225499
16225498
16225497
16225496
16225495
16225494
16225493
16225492
16225491
16225490
16225489
16225488
16225487
16225486
16225485
16225484
16225483
16225482
16225481
16225480
16225479
16225478
16225477
16225476
16225475
16225474
16225473
16225472
16225471
16225470
16225469
16225468
16225467
16225466
16225465
16225464
16225463
16225462
16197495
16197494
16197493
16197492
16197491
16197490
16197489
16197488
16197487
16181305
16181304
16181303
16181302
16181301
16181300
16181299
16181298
16167977
16167976
16167974
16167973
16167972
16167971
16167970
16167969
16167968
16167967
16167966
16128688
16128687
16128686
16128685
16128684
16128683
16128682
16128681
16128680
16128679
16128678
16128677
16128676
16128675
16128674
16128673
16098003
16098002
16098001
16098000
16097999
16097998
16097997
16097996
16097995
16097994
16097993
16091067
16091066
16091065
16091064
16091063
16091062
16091061
16091060
16091059
16091058
16091057
16091056
16091055
16091054
16091053
16042662
16042661
16042660
16042659
16042658
16042657
16042656
16042655
16042654
16011677
16011676
16011674
16011673
16011672
16011671
16011670
16011669
16011668
16011667
16011666
15963085
15963084
15963083
15963082
15963081
15963080
15963079
15963078
15963077
15963076
15963075
15963074
15948821
15948819
15948818
15948817
15948816
15948815
15948814
15948813
15948812
15948811
15948810
15948809
15948808
15948807
15948806
15943857
15943856
15943855
15943854
15943853
15943852
15943851
15943850
15943849
15943848
15943847
15943846
15943845
15943844
15943843
15943842
15943841
15943840
15932370
15932369
15932368
15932367
15932366
15932365
15932364
15932363
15932362
15932361
15932360
15932359
15882250
15882249
15882248
15882247
15882246
15882245
15882244
15882243
15882242
15882241
15882240
15882239
15882238
15882237
15854181
15854180
15854179
15854178
15854177
15854176
15854175
15854174
15854173
15854172
15854171
15854170
15854169
15854168
15854167
15854166
15813841
15813840
15813839
15813838
15813837
15813836
15813835
15813834
15813833
15813832
15813831
15813830
15813829
15813828
15801928
15801927
15801926
15801925
15801924
15801923
15801922
15801921
15801920
15801919
15801918
15801917
15801916
15801915
15801914
15771769
15771767
15771766
15771765
15771764
15771763
15771762
15771761
15771760
15771759
15771758
15771757
15771756
15771755
15771754
15771753
15771752
15771751
15771750
15771749
15755272
15755271
15755270
15755269
15755268
15755267
15755266
15755265
15755264
15740546
15740545
15740544
15740543
15740542
15740541
15740540
15740539
15740538
15740537
15740536
15740535
15740534
15740533
15740532
15740531
15710002
15710001
15710000
15709999
15709998
15709997
15709996
15709995
15709994
15709993
15709992
15709991
15709990
15709989
15709988
15709987
15709986
15709985
15709984
15709983
15709982
15709981
15691308
15691306
15691304
15691303
15691302
15691301
15691300
15691299
15691298
15691297
15691296
15691295
15691294
15679770
15679769
15679768
15679767
15679766
15679765
15679764
15679763
15679762
15679761
15679760
15679759
15644053
15644052
15644050
15644049
15644048
15644047
15644046
15644045
15644044
15644043
15644042
15644041
15644040
15644039
15606401
15606400
15606399
15606398
15606397
15606396
15606395
15606394
15606393
15606392
15606391
15606390
15606389
15606388
15606387
15606386
15606385
15606384
15575874
15575873
15575872
15575871
15575870
15575869
15575868
15575867
15575866
15575865
15575864
15575863
15569124
15569123
15569122
15569121
15569120
15569119
15569118
15569117
15569116
15569115
15569114
15569113
15569112
15569111
15569110
15569109
15569108
15569107
15569106
15569105
15569104
15569103
15569102
15569101
15527465
15527464
15527463
15527462
15527461
15527460
15521856
15521855
15521854
15521853
15521852
15521851
15521850
15521849
15521847
15521846
15521845
15521844
15521843
15521842
15521841
15521840
15521839
15521838
15496216
15496215
15496214
15496213
15479363
15479362
15479361
15479360
15479359
15479358
15479357
15479356
15479355
15479354
15479353
15456473
15456472
15456470
15456469
15456468
15456467
15456465
15456464
15456463
15456461
15456460
15456459
15456458
15456457
15379845
15379843
15379842
15379841
15379840
15379839
15379838
15379837
15379836
15379835
15379834
15379833
15379832
15379831
15352919
15352918
15352917
15352916
15352915
15352914
15352913
15352912
15352911
15352910
15352909
15352908
15352907
15352906
15352905
15352904
15352903
15352902
15352901
15352900
15352899
15352898
15352897
15352896
15352895
15352894
15352893
15352892
15352891
15352890
15352889
15352888
15352887
15339330
15339329
15339328
15339327
15339326
15339325
15339324
15339323
15339322
15339321
15339320
15335415
15335414
15335413
15335412
15335411
15335410
15335409
15335408
15335406
15335404
15335402
15335400
15335398
15335396
15335394
15335392
15335390
15298643
15298642
15298641
15298640
15298639
15298638
15298637
15298636
15298635
15298634
15298633
15298632
15298631
15298630
15298626
15298625
15298624
15298623
15298622
15298621
15298620
15298619
15298618
15298617
15298616
15298615
15298614
15298613
15298612
15298611
15298610
15298609
15298608
15298607
15298606
15298605
15298604
15298603
15298602
15298601
15298600
15298599
15298598
15274674
15274673
15274672
15274671
15274670
15274669
15274668
15274667
15274666
15274665
15274664
15274663
15274662
15274661
15233706
15233705
15233704
15233703
15233702
15233701
15233700
15233699
15233698
15233697
15233696
15233695
15233694
15233693
15233692
15225181
15225179
15225178
15225177
15225176
15225175
15225174
15225173
15225172
15225171
15225170
15225169
15225168
15225167
15225166
15225165
15191515
15191514
15191513
15191512
15191511
15191510
15191509
15191508
15191507
15191506
15191505
15191504
15191503
15153175
15153174
15153173
15153172
15153171
15153170
15153169
15153168
15153167
15153166
15142206
15142204
15142203
15142202
15142201
15142200
15142199
15142198
15142197
15142196
15142195
15142194
15142193
15113371
15113370
15113369
15113368
15113367
15113366
15113365
15113364
15113363
15113362
15113361
15080855
15080854
15080853
15080852
15080851
15080850
15080849
15080848
15080847
15080846
15080845
15043524
15043523
15043522
15043521
15043520
15043519
15043518
15043517
15043516
15043515
15043514
15043513
15043512
15043511
15023175
15023174
15023173
15023172
15023171
15023170
15023169
15023168
15023167
15023166
15023165
15023164
14987330
14987329
14987328
14987327
14987326
14987325
14987324
14987323
14987322
14987321
14987320
14987319
14987318
14987317
14987316
14984386
14984385
14984384
14984383
14984382
14984381
14984380
14984379
14984378
14984377
14984376
14984375
14984374
14984373
14984372
14984371
14984370
14871286
14871285
14871284
14871283
14871282
14871281
14871280
14871279
14871278
14871277
14725585
14725584
14725583
14725582
14725581
14725580
14725579
14725578
14725577
14725576
14725575
14725574
14725573
14725572
14723615
14723614
14723613
14723612
14723611
14723610
14723609
14723608
14723607
14723606
14687178
14687177
14687176
14687175
14687174
14687173
14687172
14687171
14687170
14687169
14687168
14687167
14687166
14687165
14687164
14687163
14653842
14653841
14653840
14653839
14653837
14653836
14653835
14653834
14653833
14653832
14653831
14653830
14653829
14653828
14653827
14653826
14653825
14616171
14616170
14616169
14616168
14616167
14616166
14616165
14616164
14616163
14616162
14616161
14616160
14616159
14616158
14616157
14616156
14616155
14616154
14616153
14616152
14616151
14616150
14535879
14535878
14535877
14535876
14535875
14535874
14535873
14535872
14535871
14535870
14535869
14535868
14531749
14531748
14531747
14531746
14531745
14531744
14531743
14531742
14531741
14531740
14531739
14531738
14531737
14531736
14510749
14510748
14510747
14510746
14510745
14510744
14510743
14510742
14510741
14510740
14510739
12969093
12969092
12969091
12969090
12969089
12969088
12969087
12969086
12969085
12969084
12969083
12969082
12969081
12950431
12950430
12950429
12950428
12950427
12950426
12950425
12950424
12950423
12950422
12950421
12950420
12950419
12950418
12950416
12950415
12950414
12950413
12940930
12940929
12940928
12940927
12940926
12940925
12940924
12940923
12940922
12940921
12925154
12925153
12925152
12925151
12925150
12925149
12925148
12925147
12925146
12925145
12925144
12925143
12925142
12925141
12925140
12925139
12925138
12925137
12925136
12925135
12895220
12895219
12895218
12895217
12895216
12895215
12895214
12895213
12895212
12895211
12895210
12869086
12869085
12869084
12869083
12869082
12869081
12869080
12869079
12869078
12869077
12869076
12869075
12848637
12848636
12848635
12848634
12848633
12848632
12848631
12848630
12848629
12848628
12848627
12848626
12848625
12848624
12848623
12848622
12823161
12823160
12823159
12823158
12823157
12823156
12823155
12823154
12823153
12823152
12823151
12823150
12823149
12823148
12823147
12823146
12823145
12823144
12786637
12786636
12786635
12786634
12786633
12786632
12786631
12786630
12786629
12786628
12786627
12786626
12786625
12786624
12786623
12786622
12786621
12786620
12786619
12786618
12786617
12786616
12786615
12786614
12786613
12786612
12786611
12786610
12786609
12786608
12786607
12786606
12786605
12755846
12755845
12755844
12755843
12755842
12755841
12755840
12755839
12755838
12755837
12755836
12755835
12755834
12752357
12752356
12752355
12752354
12752353
12752352
12752351
12752350
12752349
12752348
12752347
12752346
12752345
12694090
12694089
12694088
12694087
12694086
12694085
12694084
12694083
12694082
12694081
12694080
12694079
12656700
12656699
12656698
12656697
12656696
12656695
12656694
12656693
12656692
12656691
12656690
12656689
12656688
12641523
12641522
12641521
12641520
12641519
12641518
12641517
12641516
12641515
12641514
12641513
12641512
12641511
12641510
12641509
12641508
12641507
12641506
12641505
12641504
12641503
12641502
12641501
12641500
12641499
12641498
12641497
12641496
12622771
12622770
12622769
12622768
12622767
12622766
12622765
12622764
12622763
12622762
12622761
12622760
12622759
12622758
12622757
12622756
12614307
12614306
12614304
12614303
12614302
12614300
12614299
12614298
12562464
12562463
12562462
12562461
12562460
12562459
12562458
12562457
12562456
12562455
12562454
12562453
12562452
12562451
12562450
12562449
12562448
12562447
12562446
12562445
12562444
12562443
12562442
12534415
12534414
12534413
12534412
12534411
12534410
12534409
12534408
12534407
12534406
12534405
12534404
12534403
12534402
12534401
12492747
12492746
12492745
12492744
12492743
12492742
12492741
12492740
12492739
12492738
12492737
12492736
12492735
12492734
12492733
12492732
12492731
12492730
12492729
12492728
12452946
12452945
12452944
12452943
12452942
12452941
12452940
12452939
12452938
12452937
12452936
12452935
12452934
12452933
12452932
12452931
12423451
12423450
12423449
12423448
12423447
12390105
12390104
12390103
12390102
12390101
12390100
12390099
12390098
12390097
12390096
12390095
12390094
12390093
12390092
12269979
12269978
12269977
12269976
12269975
12269974
12269973
12269972
12269971
12269970
12269969
12269968
12269967
12269966
12269965
12269964
12269963
12269962
12269961
12269960
12197849
12197848
12197847
12197846
12197845
12197844
12197843
12197842
12197841
12197840
12197839
12197838
12197837
12182758
12182757
12182756
12182755
12182754
12182753
12182752
12182751
12182750
12182749
12182748
12182747
12182746
12182745
12182744
12182743
12182742
12182741
12182740
12182739
12144588
12144587
12144586
12144585
12144584
12144583
12144582
12144581
12144580
12144579
12144578
12144577
12144576
12144575
12144574
12144573
12144572
12144571
12144570
12144569
12144568
12047270
12047269
12047268
12047267
12047266
12047265
12047264
12047263
12047262
12047261
12047260
12047259
12047258
12047257
12047256
12047255
12047254
12047253
12047252
12047251
12030963
12030962
12030961
12030960
12030959
12030958
12030957
12030956
12030955
12030954
12030953
12030952
12030951
12030950
12030949
12030948
12030947
12030946
12030945
12030944
12000312
11966548
11966547
11966546
11966545
11966544
11966543
11966542
11966541
11966540
11966539
11966538
11966537
11966536
11966535
11966534
11966533
11966532
11966531
11966530
11966529
11966528
11966527
11966526
11966525
11966524
11966523
11966522
11966521
11966520
11966519
11966518
11966514
11966513
11966512
11966511
11966510
11966509
11966508
11966507
11966506
11966505
11966504
11966503
11966502
11966501
11966500
11966499
11966498
11966497
11966496
11966495
11966494
11966493
11966492
11929405
11929404
11929403
11929402
11929401
11929400
11929399
11929398
11929397
11929396
11929395
11929394
11929393
11929392
11929391
11929390
11929389
11929388
11929387
11929386
11929385
11929384
11929383
11929382
11876723
11876721
11876720
11876719
11876718
11876717
11876716
11876715
11876714
11876713
11876712
11876711
11876710
11876709
11876708
11876707
11876706
11876705
11876704
11876703
11876702
11876701
11876700
11876699
11876698
11876697
11876696
11876695
11876694
11876693
11876692
11876691
11876690
11876689
11876688
11876687
11876686
11876685
11860416
11860415
11860414
11860413
11860412
11860411
11860410
11860409
11860408
11860407
11860406
11860405
11860404
11860403
11860402
11860401
11860400
11860399
11856091
11856090
11856089
11856088
11856087
11856086
11856085
11856084
11856083
11856082
11856081
11856080
11856079
11856078
11856077
11856076
11856075
11856074
11856073
11849131
11849130
11849129
11849128
11849127
11849126
11849125
11849124
11849123
11849122
11736736
11736735
11736734
11736733
11736732
11736731
11736730
11736729
11736728
11736727
11736726
11736725
11736724
11736723
11736722
11736721
11736720
11736719
11736718
11736717
11736716
11736715
11736714
11736713
11380324
11380322
11380321
11380317
11380315
11683698
11683697
11683696
11683695
11683694
11683693
11683692
11683691
11683690
11683689
11683688
11683687
11683686
11683685
11683684
11683683
11564011
11564010
11564009
11564008
11564007
11564006
11564005
11564004
11564003
11564002
11564001
11564000
11563999
11563998
11563997
11563996
11563995
11563994
11563993
11563992
11563991
11563990
11556876
11556875
11556874
11556873
11552926
11552925
11552924
11552923
11552922
11552921
11552920
11552919
11552918
11552917
11552916
11552915
11552914
11552913
11552912
11552911
11552910
11552909
11552908
11552907
11552906
11552905
11552904
11552903
11552902
11552901
11552900
11552899
11552898
11552897
11552896
11552895
11552894
11488662
11488661
11488660
11488659
11488658
11488657
11488656
11488655
11488654
11472328
11472327
11472326
11472325
11472324
11472323
11472322
11472321
11472320
11472319
11472318
11472317
11472316
11472315
11472314
11472313
11472312
11472311
11421886
11421885
11421884
11421883
11421882
11421881
11421880
11421879
11421878
11421877
11421876
11421875
11421874
11421873
11421872
11421871
11421870
11421869
11421868
11421867
11421866
11421865
11421864
11421863
11380326
11380325
11380323
11380320
11380319
11380318
11380316
11380314
11380313
11380312
11328270
11328268
11328267
11328266
11328265
11328264
11328263
11328262
11328261
11328260
11328259
11328258
11328257
11328256
11328255
11328254
11328253
11328252
11328251
11328250
11284790
11284788
11284786
11284785
11284784
11284783
11284782
11284781
11284780
11284779
11284778
11284777
11284776
11284775
11284774
11284773
11284772
11284771
11207519
11207518
11207517
11207516
11207515
11207514
11207513
11207512
11207511
11207510
11207509
11207508
11207507
11207506
11207505
11207504
11207503
11148446
11148445
11148444
11148443
11148442
11148441
11148440
11148439
11148438
11148437
11148436
11148435
11148434
11148433
11148432
11148431
11148430
11136288
11136287
11136286
11136285
11136284
11136283
11136282
11136281
11136280
11136279
11136278
11136277
11136276
11136275
11136274
11136273
11136272
11121919
11121918
11121917
11121916
11121915
11121914
11121913
11121912
11121911
11121910
11121909
11121908
11121907
11121906
11121905
11121904
11121903
11121902
11121901
11069327
11069326
11069325
11069324
11069323
11069322
11069321
11069320
11069319
11069318
11069317
11069316
11069315
11069314
11069313
11069312
11069311
11069310
11069309
11050489
11050488
11050487
11050486
11050485
11050484
11050483
11050482
11050481
11012485
11012484
11012483
11012482
11012481
11012480
11012479
11012478
11012477
11012476
11012475
11012474
11012473
11012472
11012471
11012470
11012469
11012468
11012467
10971240
10971239
10971238
10971237
10971236
10971235
10971234
10971233
10971232
10971231
10971230
10971229
10971228
10971227
10971226
10930910
10930909
10930908
10930907
10930906
10930905
10930904
10930903
10930902
10930901
10930900
10930899
10930898
10930897
10930896
10930895
10930894
10930893
10930892
10930891
10930890
10886054
10886053
10886052
10886051
10886050
10886049
10886048
10886047
10886046
10886045
10886044
10886043
10886042
10886041
10886040
10903008
10903007
10903006
10903005
10903004
10903003
10903002
10903001
10903000
10902999
10902998
10902997
10902996
10902995
10848671
10848670
10848669
10848668
10848667
10848666
10848665
10848664
10848663
10848662
10848661
10848660
10848659
10848658
10848657
10848656
10848655
10848654
10848653
10848652
10848651
10848650
10848649
10807429
10807428
10807427
10807426
10807425
10807424
10807423
10807422
10807421
10807420
10807419
10807418
10807417
10807416
10807415
10807414
10807413
10807412
10807411
10807410
10807409
10807408
10807407
10807406
10807405
10807404
10807403
10807402
10807401
10807400
10807399
10807398
10807397
10792129
10792128
10792127
10792126
10792125
10792124
10792123
10792122
10792121
10792120
10792119
10792118
10792117
10792116
10792115
10792114
10792113
10792112
10792111
10759630
10759629
10759628
10759627
10759626
10759625
10759624
10759623
10759622
10759621
10759620
10759619
10759618
10759617
10759616
10759615
10735931
10735930
10735929
10735928
10735927
10735926
10735925
10735924
10735923
10735922
10735921
10735920
10735919
10735918
10735917
10651667
10651666
10651665
10651664
10651663
10651662
10651661
10651660
10651657
10651656
10651655
10651654
10651659
10651658
10646049
10646048
10646047
10646046
10646045
10646044
10632657
10632656
10632655
10632654
10632653
10632652
10632651
10632650
10632649
10632648
10632647
10632646
10632645
10632644
10632643
10632642
10632641
10632640
10632639
10597337
10597336
10597335
10597334
10597333
10597332
10594406
10594405
10594404
10594403
10594402
10594401
10594400
10594399
10594398
10594397
10594396
10594395
10594394
10594393
10594392
10594391
10571616
10571606
10571615
10571614
10571613
10571612
10571611
10571610
10571609
10571608
10571607
10571605
10571604
10571603
10571602
10571601
10571600
10571599
10571598
10571597
10571596
10571595
10571594
10571593
10571592
10571591
10555606
10555605
10555604
10555603
10540053
10540052
10540051
10540050
10540049
10540048
10540047
10540046
10540045
10540044
10540043
10540042
10540041
10540040
10491726
10491725
10491724
10491723
10491722
10469474
10468710
10468709
10469472
10468708
10468707
10468706
10468705
10468704
10468703
10468702
10468701
10468700
10468699
10468698
10468697
10468696
10468695
10468692
10468691
10468690
10468689
10468688
10468687
10468686
10468685
10468684
10468683
10468682
10468681
10468680
10468679
10468678
10468677
10468676
10468675
10468674
10468673
10468672
10447353
10429745
10429744
10429743
10429742
10429741
10429740
10429739
10429738
10429737
10429736
10383500
10383534
10383533
10383532
10383531
10383530
10383529
10383528
10383527
10383526
10383525
10383524
10383523
10383522
10383521
10383520
10383519
10383518
10383517
10383516
10383515
10383514
10383513
10383512
10383511
10383510
10383509
10383508
10383507
10383506
10383505
10383504
10383503
10383502
10383501
10383499
10383498
10383497
10233187
10233194
10233193
10233192
10233191
10233190
10233189
10233188
10233186
10233185
10233184
10233183
10233182
10233181
10233180
10233179
10215735
10215734
10215744
10215743
10215742
10215741
10215740
10215739
10215738
10215737
10215736
10215733
10215732
10215731
10215730
10215729
10215728
10215727
10209683
10209682
10209681
10103171
10102980
10102978
10102977
10102976
10102975
10102974
10102973
10102972
10102971
10102970
10102969
10102968
10102967
10102966
10102965
10102964
10102963
10102962
10102961
10102960
10102959
10102958
10102957
10102956
10102955
10102954
10102953
10102952
10102951
10102950
10102949
10102948
10102947
10102946
10102945
10102944
10102943
10102942
10102941
10102940
10102939
9892885
9892884
9892883
9892882
9892881
9892880
9892879
9892878
9892877
9892876
9892875
9892874
9882039
9882038
9882037
9882036
9882035
9882034
9882033
9882032
9882031
9882030
9882029
9882028
9882027
9882026
9882025
9845407
9845406
9845405
9845404
9845403
9845402
9845401
9845400
9845399
9845398
9845397
9845396
9845395
9845394
9798810
9798809
9798808
9798807
9798806
9798805
9798804
9798803
9798802
9798801
9798800
9798799
9798798
9768537
9768536
9768535
9768534
9768533
9768532
9768531
9768530
9768529
9768528
9768527
9768526
9768525
9768524
9768523
9726382
9726394
9726393
9726392
9726391
9726390
9726389
9726388
9726387
9726386
9726385
9726384
9726383
9726381
9726380
9701534
9701533
9701532
9701531
9701530
9701529
9701528
9701527
9701526
9701525
9701524
9701523
9701522
9701009
9701008
9701007
9701006
9701005
9701004
9701003
9701002
9701001
9701000
9700999
9692708
9692707
9692706
9692705
9692704
9692703
9692702
9692701
9692700
9692699
9692698
9692697
9692696
9692695
9692694
9692693
9692692
9692691
9692690
9692689
9692688
9692687
9692686
9692685
9690724
9690732
9690731
9690730
9690729
9690728
9690727
9690726
9690725
9690723
9690722
9690721
9690720
9690719
9690718
9678820
9678819
9678818
9678817
9678816
9678815
9678814
9678813
9678812
9678811
9678810
9678809
9678808
9663843
9663842
9663841
9663840
9663839
9663838
9663837
9663836
9663835
9663834
9663833
9663832
9663831
9663830
9663829
9663828
9663827
9663826
9663825
9663824
9663823
9663822
9663731
9663730
9663729
9663728
9663727
9663726
9663725
9663724
9663723
9663722
9663721
9663720
9663719
9663718
9570264
9570263
9570262
9570261
9570260
9570259
9570258
9570257
9570256
9570255
9570254
9570253
9570252
9508390
9467986
9467985
9467984
9467983
9467982
9467981
9467980
9467979
9467978
9467977
9467976
9467975
9467974
9467973
9354216
9354215
9354214
9354213
9354212
9354211
9354210
9354209
9354208
9354207
9354206
9354205
9354204
9354203
9354202
9354201
9354200
9354199
9354198
9354197
9354196
9354195
9354194
9354193
9354192
9354191
9354190
9354189
9305494
9305493
9305492
9305491
9305490
9305489
9305488
9305487
9305486
9305485
9305484
9305483
9305482
9305481
9305480
9305479
9305478
9305477
9305476
9305475
9305474
9305473
9305472
9305471
9305470
9218092
9218091
9218090
9218089
9218088
9218087
9218086
9218085
9218084
9218083
9218082
9218081
9218080
9218079
9218078
9218077
9218076
9218075
9218074
9218073
9218072
9218071
9218070
9218069
9218068
9218067
9218066
9218065
9229488
9146797
9146796
9146795
9146794
9146793
9146792
9146791
9146790
9146789
9146788
9146787
9146786
9146785
9146784
9146783
9146782
9146781
9146780
9146779
9146778
9146777
9146776
9146775
9146774
9146773
9146772
9146771
9146770
9146769
9146768
9146767
9146766
9146765
9146764
9146763
9146762
9146761
9146760
9146759
9146758
9042995
9042994
9042993
9042992
9042991
9042990
9042989
9042988
9042987
9042986
9042985
9042984
9042983
9042982
9042981
9042980
9042979
9042978
9042977
9042976
9042975
9042974
9042973
9042972
9042971
9042970
8971308
8971307
8971306
8971305
8971304
8971303
8971302
8971301
8971300
8971299
8971298
8971297
8971296
8971295
8971294
8971293
8971292
8971291
8971290
8971289
8971288
8971287
8971286
8971285
8971284
8971283
8971282
8971281
8971280
8971279
8971278
8899094
8899093
8899092
8899091
8899090
8899089
8899088
8899087
8899086
8899085
8899084
8899083
8899082
8899081
8899080
8899079
8899078
8899077
8899076
8899075
8899074
8853776
8853775
8853774
8853773
8853772
8853771
8853770
8853769
8853768
8853767
8853766
8853765
8853764
8853763
8853762
8853761
8853760
8853759
8853758
8853757
8853756
8853755
8853754
8853753
8853752
8853751
8853750
8853749
8791976
8791975
8791974
8791973
8791972
8791971
8791970
8791969
8791968
8791967
8791966
8791965
8791964
8791963
8791962
8791961
8791960
8791959
8791958
8791957
8791956
8791955
8791954
8791953
8791952
8791951
8791950
8791949
8791948
8791947
8791946
8791945
8791944
8829421
8730267
8730266
8730265
8730264
8730263
8730262
8730261
8730260
8730259
8730258
8730257
8730256
8730255
8730254
8730253
8730252
8730251
8730250
8730249
8730248
8730247
8730246
8730245
8730244
8730243
8730242
8730241
8730240
8730239
8871452
8871451
8871450
8871449
8871448
8871447
8871446
8871445
8871444
8871443
8871442
8871441
8871440
9019190
8899109
8899108
8899107
8899106
8899105
8899104
8899103
8899102
8899101
8899100
8899099
8899098
8899097
8899096
8899095
8824661
8824660
8824659
8824658
8824657
8824656
8824655
8824654
8824653
8824652
8824651
8824650
8824649
8824648
8824647
8824646
8824645
8824644
8580282
8580281
8580280
8580279
8580278
8580277
8580276
8580275
8580274
8580273
8580272
8580271
8580270
8580269
8580268
8580267
8580266
8580265
8580264
8527624
8527623
8527622
8527621
8527620
8527619
8527618
8527617
8527616
8527615
8527614
8527613
8527612
8527611
8527610
8527609
7654896
7654895
7654894
7654893
7654892
7654891
7654890
7654889
7654888
7654887
7654886
7654885
7654884
7544633
7605866
7605865
7605864
7605863
7605862
7605861
7605860
7605859
7605858
7605857
7605856
7605855
7605854
7605853
7605852
7605851
7605850
7766750
7766749
7766748
7766747
7766746
7766745
7766744
7766743
7766742
7766741
7766740
7766739
7766738
7766737
8547534
8547533
8547532
8547531
8547530
8547529
8547528
8547527
8547526
8547525
8547524
8547523
8547522
8547521
7495945
7495944
7495943
7495942
7495941
7495940
7495939
7495938
7495937
7734028
7696454
7696453
7696452
7696451
7696450
7696449
7696448
7696447
7696446
7696445
7696444
7865650
7865649
7865648
7865647
7865646
7865645
7865644
7865643
7865642
7865641
7865640
7865639
7532445
7986975
7986974
7986973
7986972
7986971
7986970
7986969
7986968
7986967
7986966
7986965
7986964
7986963
7986962
7986961
7527257
7918934
7918933
7918932
7918931
7918930
7918929
7918928
7918927
7918926
7918925
7918924
7918923
7918922
7918921
7918920
8038359
8038358
8038357
8038356
8038355
8038354
8038353
8038352
8038351
8038350
8038349
8038348
8038347
8038346
7913636
7913635
8186351
8186350
8186349
8186348
8186347
8186346
8186345
8186344
8186343
8186342
8186341
8186340
8186339
8186338
8186337
8186336
7910489
7910488
8180297
8180296
8180295
8180294
8180293
8180292
8180291
7910047
7910046
7514042
8161677
8161676
8161675
8161674
8161673
8161672
8161671
8161670
8161669
8161668
8161667
8161666
8161665
7909240
8280826
8280825
8280824
8280823
8280822
8280821
8280820
8280819
8280818
8280817
8280816
7904189
7904188
7904187
7506583
8218761
8218760
8218759
8218758
8218757
8218756
8218755
8218754
8218753
8218752
8218751
8218750
8218749
8105985
8105984
8364139
8364138
8364137
8364136
8364135
8364134
8364133
8364132
8364131
8364130
8364129
8117350
8103372
8485276
8485275
8485274
8485273
8485272
8485271
8485270
8485269
8485268
8485267
8485266
8485265
8485264
8387353
8097933
8439643
8439642
8439641
8439640
8439639
8439638
8439637
8439636
8439635
8439634
8439633
8439632
8094981
7679934
8490082
8490081
8490080
8490079
8490078
8490077
8490076
8490075
8387826
8364142
8364141
8364140
8103375
8103374
8103373
8098225
1486153
1486162
1486161
1486160
1486159
1486158
1486157
1486156
1486155
1486154
1362497
1336675
1420755
1420754
1420753
1420752
1420751
1420750
1420749
1420748
1420747
1420746
1420745
1358235
1330019
1294096
1420744
1420743
1420742
1420741
1420740
1420739
1420738
1420737
1420736
1420735
1420734
1420733
1358234
1358233
1600056
1600055
1600054
1600053
1600052
1600051
1600050
1600049
1600048
1600047
1600046
1350927
1600045
1600044
1600043
1600042
1600041
1600040
1600039
1600038
1600037
1600036
1350926
1318089
1318088
1288519
1543820
1543819
1543818
1543817
1543816
1543815
1543814
1543813
1543812
1371938
1347468
1347467
1815572
1782309
1782308
1782307
1782306
1782305
1782304
1782303
1782302
1685925
1685924
1685923
1664249
1793786
1793785
1793784
1793783
1793782
1793781
1793780
1793779
1793778
1686562
1777552
1777551
1777550
1777549
1777548
1777547
1777546
1777545
1777544
1777543
1685676
1685675
1685674
1663793
1909585
1888830
1888829
1888828
1888827
1888826
1888825
1888824
1888823
1679668
1679667
1909584
1909583
1888822
1888821
1888820
1888819
1888818
1888817
1888816
1888815
1888814
1832313
1716168
1932485
1932484
1932483
1932482
1932481
1932480
1932479
1932478
1681952
1909586
1888837
1888836
1888835
1888834
1888833
1888832
1888831
1679675
1679674
1679673
1679672
1679671
1679670
1679669
2129652
2129651
2129650
2129649
2129648
2129647
2129646
2129645
2129644
2129643
1983342
2129642
2129641
2129640
2129639
2129638
2129637
2129636
2129635
2129634
2129633
2129632
1966581
2151747
2103761
2103760
2103759
2103758
2103757
2103756
2103755
2103754
2103753
2103752
2103751
2129490
2104092
2104091
2104090
2104089
2104088
2104087
2104086
1983325
1983324
1983323
1966542
2151757
2104085
2104084
2104083
2104082
2104081
2104080
2104079
2104078
1983322
1983321
2151756
2129489
2104077
2104076
2104075
2104074
2104073
2104072
2104071
2104070
2104069
1983350
1983349
1983348
1983347
1983346
1983345
1983344
1983343
2577501
2577500
2518874
2518873
2518872
2518871
2518870
2518869
2518868
2518867
2518866
2518865
2485092
2577499
2577498
2562385
2518864
2518863
2518862
2518861
2518860
2518859
2518858
2518857
2518856
2518855
2518854
2518853
2518852
2518851
2518850
2518849
2518848
2518847
2518846
2577695
2577694
2562479
2520625
2520624
2520623
2520622
2520621
2520620
2520619
2520618
2520617
2577483
2491470
2491469
2491468
2491467
2491466
2491465
2491464
2491463
2491462
2577482
2518822
2491461
2491460
2491459
2491458
2491457
2491456
2491455
2491454
2979277
2979276
2979275
2979274
2979273
2979272
2979271
2979270
2979269
2908757
2979268
2979267
2979266
2979265
2979264
2979263
2979262
2485105
2979261
2979260
2979259
2979258
2979257
2979256
2979255
2979254
2979253
2979252
2979251
2908756
2979250
2979249
2979248
2979247
2979246
2979245
2908755
2908754
2856504
2856503
2979244
2979243
2979242
2979241
2979240
2979239
2979238
2979237
2908753
2908752
2856502
2979236
2979235
2979234
2979233
2979232
2979231
2979230
2979229
2979228
2908751
2980956
2979288
2979287
2979286
2979285
2979284
2979283
2979282
2979281
2979280
2979279
2979278
2908758
2979693
2979692
2979691
2979690
2979689
2979688
2979687
2979686
2908765
2980967
2979685
2979684
2979683
2979682
2979681
2979680
2979679
2979678
2908764
2979677
2979676
2979675
2979674
2979673
2979672
2979671
2856513
2979227
2979226
2979225
2979224
2979223
2979222
2979221
2908750
2908749
2979220
2979219
2979218
2979217
2979216
2979215
2908748
2979214
2979213
2979212
2979211
2979210
2979209
2908747
2908746
2979703
2979702
2979701
2979700
2979699
2979698
2979697
2979696
2979695
2979694
2908767
2908766
