31282011
31282002
31273838
31273829
31272131
31271681
31265738
31264268
31264257
31264254
31264252
31264249
31260595
31260143
31257637
31254485
31254469
31250932
31247673
31245885
31245873
31242327
31242325
31241207
31237018
31237013
31222832
31222831
31222830
31210364
31206788
31206764
31197882
31197866
31172569
31172538
31169926
31165511
31162744
31158304
31158302
31157459
31157456
31157455
31146302
31146297
31145825
31144350
31141835
31137080
31132314
31124184
31119767
31117149
31115933
31115072
31115065
31111533
31111527
31111517
31090096
31062880
31062879
31062875
31062426
31062417
31062412
31062380
31059144
31045285
31044476
31041810
31039290
31039289
31039275
31038805
31038770
31034660
31017728
31017689
31017682
30995348
30972818
30972813
30965392
30965387
30963609
30957290
30945376
30945353
30937995
30932246
30932240
30932236
30931537
30920688
30920687
30919492
30912185
30897246
30891824
30884543
30883904
30883900
30883897
30883868
30873662
30864239
30861593
30861194
30861191
30861190
30851117
30851003
30848854
30843262
30834597
30828891
30828872
30828866
30828863
30828861
30821873
30821862
30821413
30821412
30821411
30812050
30811672
30811663
30786068
30779220
30779213
30771232
30761612
30761603
30756433
30734357
30729573
30726563
30724389
30724387
30714200
30707777
30698322
30695124
30695096
30693965
30693593
30693566
30693563
30693562
30693556
30681185
30675926
30674071
30672608
30669184
30669178
30668889
30667560
30667551
30665269
30665256
30663800
30650206
30650205
30650203
30638283
30638279
30636058
30618170
30614083
30600564
30600551
30597600
30597598
30592093
30590868
30589960
30589948
30575109
30566746
30565330
30565328
30565326
30562837
30562421
30561830
30554426
30552863
30552773
30552723
30552717
30552716
30552715
30551266
30551264
30551263
30550642
30550622
30549320
30549125
30549114
30548242
30536927
30506860
30515899
30515890
30511762
30500090
30499127
30475420
30467896
30462857
30462856
30462850
30462849
30462841
30462839
30450668
30447025
30443998
30426559
30422342
30422339
30421544
30408229
30402981
30402968
30402954
30402928
30402913
30395690
30394577
30394572
30393960
30393891
30378176
30378169
30378164
30371943
30370940
30365184
30357912
30357910
30357907
30357905
30357903
30353572
30345709
30345600
30345571
30345549
30345539
30345537
30311701
30311262
30307066
30302852
30302827
30290019
30278111
30278110
30278106
30276858
30242888
30226276
30225983
30225957
30225931
30221400
30221390
30216536
30215848
30207000
30191606
30187567
30187566
30187565
30187564
30187563
30187562
30187561
30187560
30187559
30187558
30187557
30187556
30187555
30187554
30187553
30187552
30187551
30187550
30187549
30187548
30187547
30187546
30187545
30187544
30178618
30176181
30176072
30175864
30170340
30169908
30160786
30160782
30156337
30152138
30151994
30151937
30151932
30151918
30151861
30144377
30144372
30144366
30144360
30144357
30136307
30119141
30112859
30101499
30101458
30101431
30084136
30084128
30084114
30079615
30073710
30070412
30070395
30070394
30070387
30069941
30069935
30069926
30069920
30069912
30069903
30069899
30062791
30022516
30011083
29998516
29998515
29996177
29995979
29992650
29992621
29989251
29972865
29971822
29969515
29968937
29968933
29968385
29968320
29968297
29966173
29966170
29961947
29952142
29952025
29949199
29947115
29943468
29935082
29933526
29932241
29932235
29932231
29926959
29900588
29900587
29900583
29896875
29896866
29890010
29889986
29888804
29888489
29888404
29878594
29878593
29877584
29873115
29871029
29870582
29869419
29869393
29864790
29864213
29864202
29864192
29862561
29851172
29851164
29851153
29845642
29808497
29806114
29804294
29802647
29791723
29791059
29791048
29767452
29767442
29761833
29744928
29744922
29737582
29737561
29736946
29707809
29697855
29697158
29697157
29691909
29691905
29691898
29691897
29672926
29671893
29671891
29669163
29665624
29664147
29663549
29663519
29660156
29659086
29659085
29659084
29659083
29659082
29659081
29645364
29645345
29644725
29633412
29633352
29633342
29633339
29607543
29607542
29607539
29607537
29603369
29603368
29603365
29603361
29603356
29601652
29575167
29573478
29542246
29542245
29542244
29542243
29542242
29532517
29514418
29514412
29514409
29514405
29498759
29486094
29485752
29473206
29469236
29469235
29469234
29469233
29469232
29462845
29462844
29462834
29427472
29427373
29427364
29427297
29424123
29424069
29424011
29415371
29415318
29406580
29406567
29405466
29405446
29392773
29392766
29384236
29384233
29381226
29380415
29380413
29377271
29377265
29377243
29372610
29372609
29372608
29372607
29372573
29346834
29336057
29319200
29319191
29314222
29293276
29292858
29284080
29284079
29284078
29284077
29280264
29280187
29278655
29278438
29266628
29266456
29266382
29265496
29247982
29247549
29232004
29231995
29231993
29228501
29218793
29215154
29205514
29205498
29205485
29194775
29193302
29193280
29193269
29193248
29178198
29164675
29159993
29156509
29156506
29156495
29141109
29141105
29140553
29131401
29125213
29125212
29125211
29125210
29125209
29105152
29105146
29105142
29087626
29087616
29073345
29065440
29063720
29055152
29055148
29055146
29052260
29048762
29048708
29048137
29047150
29047146
29024102
29024015
29024014
29024013
29024012
29024011
29023961
29023927
29023903
28994187
28994147
28994145
28994141
28990251
28984386
28981166
28976021
28971517
28960557
28960499
28960464
28960448
28960444
28949045
28948705
28948704
28948703
28948702
28948701
28940821
28940780
28921677
28921629
28914957
28910851
28910501
28902972
28901578
28898473
28892839
28884481
28873259
28872701
28872700
28865098
28857324
28857255
28845590
28845589
28845588
28845587
28845586
28843035
28840619
28834565
28833619
28833507
28806471
28804920
28801987
28800384
28786128
28776769
28771829
28770579
28770555
28768372
28768371
28768370
28768367
28762541
28762251
28759709
28753738
28752689
28752688
28752687
28752686
28752685
28748532
28736848
28730699
28730697
28726335
28708248
28700090
28699662
28699285
28696019
28692197
28688125
28688105
28687028
28677336
28677158
28675478
28671712
28670854
28670712
28666309
28666070
28639271
28639270
28639269
28639268
28639267
28623877
28618062
28618039
28618015
28612991
28612951
28608993
28591933
28589639
28589613
28582593
28573746
28568312
28561279
28557203
28557202
28557201
28557200
28557199
28556205
28556178
28548299
28544091
28543841
28543366
28497645
28497593
28497589
28488376
28482378
28475827
28475826
28475813
28464337
28452428
28452125
28452067
28449345
28449344
28449343
28449342
28449341
28449340
28449339
28449338
28449337
28449336
28444800
28440889
28440885
28431454
28425144
28425133
28422327
28419583
28406534
28387454
28387430
28374414
28370350
28370348
28370253
28370235
28337791
28337790
28337789
28337788
28337787
28332731
28321907
28320066
28320065
28320064
28320063
28320062
28320061
28320060
28303605
28299830
28299819
28299813
28295594
28295587
28295549
28294404
28294403
28271564
28266772
28261881
28258705
28251689
28251684
28245345
28244679
28244678
28244677
28244676
28244675
28244674
28244673
28244672
28244671
28244670
28244669
28244668
28244667
28244666
28244665
28244664
28244663
28244662
28244661
28244660
28244659
28244658
28244198
28240420
28230928
28221694
28221693
28221692
28221691
28221690
28221689
28220962
28220959
28220958
28217843
28207167
28201854
28185302
28183156
28177545
28177543
28168749
28160607
28142194
28135009
28132407
28128476
28127800
28127799
28124463
28122151
28116788
28114749
28109022
28109017
28106928
28092694
28092112
28090679
28087988
28087985
28087980
28087975
28087973
28085232
28085213
28084664
28076655
28072910
28068755
28061013
28052463
28052462
28052461
28052460
28052406
28052383
28024166
28019036
28012211
28012194
28008658
28005275
28005266
28002881
28002874
27992674
27992669
27987232
27977904
27976801
27973703
27957761
27936280
27930829
27898995
27898994
27897323
27893931
27888529
27885712
27878871
27869328
27869326
27869323
27862319
27862316
27862291
27862289
27862281
27862278
27862275
27862273
27862272
27862259
27859615
27859587
27859583
27859576
27859568
27806438
27797420
27796056
27796052
27133787
27131230
27118523
27061439
27060354
27060249
26992248
26992142
26992056
26989861
26968988
26952020
26945918
26945703
26936514
26936417
26896303
26878986
26865332
26849969
27787913
27787910
27787908
27785837
27785825
27784128
27774654
27749985
27749981
27749979
27739606
27723166
27723123
27709681
27709680
27709679
27709678
27709677
27709676
27709675
27709674
27709673
27709672
27709671
27709670
27709669
27709668
27699863
27696519
27696511
27671209
27665310
27648821
27640344
27637864
27637734
27637573
27637470
27624314
27624167
27620860
27600190
27597318
27597181
27577675
27575648
27548332
27548078
27547913
27532624
27529417
27529338
27521492
27521335
27519171
27517972
27515408
27513614
27513455
27505301
27505153
27505006
27503585
27503423
27490702
27490495
27478130
27470075
27449807
27439114
27439017
27435243
27421039
27420770
27418395
27418280
27416873
27416773
27411173
27404046
27403912
27376251
27356284
27356264
27356212
27356122
27349220
27346683
27346589
27300312
27300149
27289083
27288655
27273229
27273041
27273040
27273039
27273038
27273037
27273036
27273035
27273034
27273033
27273032
27273031
27262491
27262283
27262164
27257086
27254755
27253425
27253188
27248703
27248508
27240003
27222079
27218672
27218433
27207016
27206802
27197805
27197716
27194671
27194632
27192176
27177318
27168521
27168470
27164490
27164413
27164272
27163510
27163346
27163182
27161286
27161163
27149296
27144984
27144885
27131466
27131333
27131048
27123974
27119420
27118432
27118323
27118240
27118149
27118067
27097307
27088632
27087165
27083512
27075693
27061336
27061220
27061119
27060999
27060900
27059987
27059170
27059113
27059011
27044023
27043957
27043464
27043349
27043242
27043158
27043040
27042957
27042803
27037739
27029890
27029776
27029604
27029523
27029414
27015732
27010362
27010240
27010174
27008918
27003222
27003037
26997582
26997497
26996099
26992107
26992015
26991913
26991805
26991681
26991526
26991452
26991334
26991134
26991023
26990906
26990807
26990680
26990573
26990458
26990352
26990226
26990130
26990109
26990023
26990005
26989825
26969151
26948163
26946071
26945817
26919542
26916616
26905957
26896817
26896745
26896664
26896637
26880589
26878817
26875698
26875585
26868056
26860924
26860846
26858143
26856257
26850225
26850090
26841930
26840528
26840392
26840231
26825751
26825612
26824898
26820101
26812427
26809278
26780982
26777137
26773283
26768946
26768945
26758591
26758501
26758346
26757250
26751608
26750805
26749521
26730524
26729319
26729234
26729006
26716736
26711554
26709842
26708001
26699695
26699443
26699265
26699089
26695085
26691631
26687675
26687537
26684575
26678358
26678239
26678020
26677834
26676714
26676646
26676553
26676469
26670865
26667191
26648346
26647353
26647219
26645426
26644397
26644386
26643583
26643412
26643262
26642977
26642816
26642423
26641025
26637789
26637110
26632220
26630310
26601626
26600454
26598933
26598065
26598015
26598014
26598013
26598012
26598011
26590105
26589977
26589875
26589761
26584407
26580676
26574916
26574150
26574149
26574147
26574145
26574143
26574141
26572068
26519351
26519215
26514998
26514879
26514665
26513524
26513408
26513311
26513206
26513060
26512937
26510712
26510636
26510538
26510487
26501720
26490780
26489037
26487394
26487301
26487158
26485170
26482711
26480287
26479999
26479271
26479153
26478984
26474184
26474082
26458087
26458086
26458085
26458084
26456953
26456887
26455432
26455351
26430807
26426817
26426707
26426547
26426426
26421801
26416485
26416432
26414929
26414812
26414725
26414644
26414381
26414325
26412412
26412310
26412125
26407749
26406334
26404417
26401976
26399958
26399838
26395120
26394173
26361363
26361362
26361361
26361360
26361359
26332049
26331960
26331807
26317322
26313910
26313291
26313162
26313014
26312773
26312574
26312403
26270240
26267844
26260091
26259976
26252950
26252875
26251873
26251217
26251122
26250995
26250887
26250786
26250642
26250532
26250421
26250123
26248500
26243373
26241688
26239824
26238152
26238013
26228303
26224162
26222770
26220764
26212571
26212461
26212346
26212198
26212089
26211939
26211821
26211694
26211693
26211692
26211691
26211690
26207936
26204971
26204913
26202380
26202225
26202127
26202002
26201934
26201820
26201670
26201669
26201668
26201667
26201666
26197990
26197887
26195026
26189649
26183370
26183128
26177884
26177796
26177680
26177574
26173586
26173493
26173467
26146796
26138256
26114968
26111358
26110395
26110235
26102208
26102078
26101935
26101816
26095700
26095579
26095432
26095288
26095167
26095068
26094975
26094852
26094738
26094663
26094662
26094661
26094660
26094659
26083496
26000351
26000350
25974743
25974661
25974421
25974404
25974331
25974251
25974139
25974066
25973838
25973716
25973647
25973537
25969162
25968966
25968838
25968585
25968445
25968302
25968084
25967931
25967740
25967588
25967392
25967274
25916482
25916481
25916480
25916479
25916478
25869941
25868086
25867963
25867912
25867770
25867718
25867644
25867608
25867498
25867219
25867107
25867030
25866896
25865863
25865862
25865861
25865860
25865859
25827810
25827809
25827808
25827807
25827806
25827805
25827804
25827803
25827802
25827801
25827800
25827799
25827798
25827797
25827796
25819311
25819140
25809337
25801981
25800047
25799910
25778783
25778685
25778454
25777994
25777777
25777545
25777337
25777157
25776963
25776962
25776961
25776960
25776959
25776958
25776957
25776956
25776955
25776954
25772748
25765710
25765565
25765471
25754087
25753927
25753782
25711972
25708446
25708291
25708186
25708096
25707935
25707791
25707790
25707789
25707788
25707787
25689418
25684563
25684393
25684303
25682950
25682855
25682797
25682720
25678363
25678238
25678094
25675849
25641744
25641691
25641605
25641510
25641377
25641224
25641223
25639513
25639333
25639278
25639146
25619308
25619236
25619235
25619234
25619233
25619232
25612140
25612007
25611915
25611802
25611696
25611567
25611432
25611309
25611175
25594435
25594338
25587620
25587619
25587618
25587617
25587616
25587615
25587614
25587613
25559563
25559435
25536461
25536460
25536459
25536458
25536457
25532720
25532613
25532588
25532540
25532416
25529767
25521744
25521743
25521742
25521741
25521740
25521739
25521738
25521737
25521736
25521735
25521734
25521733
25521732
25521731
25521730
25521729
25521728
25521727
25521726
25521725
25471329
25470082
25469977
25469874
25469790
25404108
25404107
25404106
25393054
25392921
25392920
25392919
25392918
25392917
25389088
25387770
25387601
25387431
25376272
25376228
25376159
25363555
25353058
25352365
25352300
25351280
25351042
25339607
25318838
25318660
25318588
25318384
25318383
25318382
25318381
25318380
25311578
25311527
25311314
25311222
25303721
25303621
25302749
25302652
25302558
25302443
25275156
25273620
25273508
25273282
25252119
25252074
25251968
25251298
25251195
25251043
25250942
25250854
25250761
25250673
25250558
25238605
25238538
25238407
25238258
25238140
25213315
25211373
25187428
25180790
25168842
25168749
25168691
25168607
25168482
25168399
25168293
25168203
25168107
25167956
25167891
25167786
25160904
25160780
25160690
25160604
25160511
25160036
25159898
25154444
25154443
25154442
25154441
25131570
25123601
25092526
25092429
25092265
25091289
25091195
25091059
25091027
25090954
25089018
25088988
25088839
25088761
25088668
25088563
25088453
25088088
25088015
25087917
25087838
25087692
25087586
25087473
25073634
25073633
25073632
25073631
25073630
25055928
25041690
25041564
25041458
25041344
25041220
25041076
25040896
25040688
25040620
25040619
25040618
25040617
25040616
25039694
25039567
25039465
25039333
24995677
24995561
24995515
24995497
24990817
24989722
24989634
24989426
24989236
24989077
24988903
24955456
24955455
24955454
24955453
24955452
24955451
24955450
24955449
24955448
24955447
24942592
24916673
24910341
24910240
24910152
24910023
24909904
24909819
24909734
24909638
24909623
24909520
24909501
24909388
24909264
24909190
24909069
24888296
24863186
24863185
24863184
24852401
24832782
24832781
24832780
24832779
24832778
24787096
24783252
24783251
24783249
24783248
24783247
24783246
24783244
24758240
24750217
24750203
24750202
24750201
24750200
24750199
24734957
24731221
24731186
24731162
24731153
24731067
24731020
24730769
24730732
24730702
24730671
24730643
24730577
24730549
24730518
24730465
24720610
24720570
24720557
24720527
24720511
24720485
24720453
24720424
24720379
24720353
24720272
24716227
24716226
24716225
24716215
24716213
24716212
24712047
24712046
24712045
24712044
24712043
24712042
24650189
24650171
24646428
24646427
24646426
24646425
24635100
24635038
24628672
24628622
24628570
24628534
24628501
24628480
24628092
24628054
24628028
24628002
24627958
24617703
24612089
24612059
24612022
24611991
24611967
24575848
24548122
24548099
24548074
24548048
24548002
24547986
24547965
24517319
24476051
24476011
24460839
24460838
24460837
24460836
24460835
24447044
24444427
24443785
24251703
24384028
24372908
24372871
24372861
24372834
24372807
24372785
24372769
24372748
24372723
24372695
24372677
24372662
24372619
24354995
24354994
24354993
24354992
24354991
24354990
24354989
24354988
24329763
24329727
24329682
24329600
24325781
24325739
24325676
24325649
24325631
24325607
24325579
24325542
24325451
24325405
24325386
24325340
24325315
24325295
24325272
24325248
24325204
24325201
24325147
24308045
24304041
24303990
24303948
24303923
24251718
24251717
24251716
24251715
24251714
24251713
24251712
24251711
24251710
24251709
24251708
24251707
24251706
24251705
24251704
24251702
24251701
24251700
24251699
24251698
24251697
24251696
24261954
24261953
24261952
24261951
24236853
24236824
24236761
24236690
24224980
24224950
24224911
24224878
24224851
24224838
24224808
24224779
24224755
24224722
24224701
24224689
24224656
24224614
24224567
24224538
24224518
24224484
24219852
24219827
24219791
24219707
24219648
24219143
24219115
24219083
24219032
24219010
24215086
24215085
24215084
24199670
24199625
24164704
24147455
24147454
24147453
24118110
24118091
24118068
24118042
24117999
24117967
24117946
24117897
24117871
24117845
24117714
24117684
24117654
24117602
24117536
24117517
24090188
24020435
24033876
24033853
24033829
24033813
24033786
24033761
24033760
24033759
24033414
24033383
24033356
23981241
23981200
23981141
23981121
23981079
23981054
23980667
23980639
23980616
23980585
23980563
23980531
23962084
23927379
23927078
23927053
23927024
23926964
23926926
23926887
23875689
23875638
23875637
23875636
23875635
23875634
23875633
23855309
23855308
23855307
23855306
23855305
23855304
23855303
23855302
23855301
23855300
23855299
23855298
23855297
23855296
23855295
23855294
23855293
23855292
23855291
23855290
23855289
23855288
23870023
23869988
23869951
23869919
23869873
23869844
23869757
23869713
23869689
23869654
23829484
23829453
23829423
23829381
23829336
23829297
23829232
23808938
23808910
23808892
23808869
23808840
23808824
23808794
23808759
23808713
23808356
23802886
23800278
23800263
23800237
23800207
23800182
23800161
23800140
23800118
23800094
23800049
23782121
23782120
23782119
23782118
23782117
23782116
23735059
23731128
23731053
23731017
23730967
23730936
23730912
23730892
23730852
23701705
23701674
23701650
23701593
23701518
23701491
23701468
23701446
23701423
23692579
23692578
23692577
23692576
23692575
23692574
23663136
23663110
23663082
23663055
23663030
23662976
23662928
23662891
23662831
23662785
23621519
23621484
23621473
23621437
23614345
23614344
23614343
23614342
23614341
23614340
23614339
23614338
23614337
23611750
23611708
23611210
23611167
23611144
23611115
23611043
23577962
23577916
23577833
23574148
23574043
23574010
23573993
23573954
23573915
23565554
23565552
23565551
23565549
23565547
23560893
23560869
23560829
23551339
23527761
23527760
23527759
23527758
23527757
23527756
23527755
23517336
23517307
23517279
23517245
23517228
23517197
23517175
23489221
23489151
23489113
23489082
23489041
23488990
23488965
23488881
23488827
23488810
23488792
23488477
23441720
23441719
23441718
23441717
23441716
23432697
23432660
23432631
23432611
23432600
23432545
23432518
23432473
23432435
23432408
23432377
23432345
23432218
23432198
23432154
23432088
23432035
23431993
23425230
23425217
23425203
23425190
23425147
23425127
23425108
23425104
23425094
23425090
23425082
23425079
23425072
23425070
23425065
23425064
23425061
23425059
23425057
23425056
23425054
23425053
23425051
23425049
23425046
23425030
23424994
23369027
23350673
23339393
23339392
23339391
23339390
23339389
23339388
23339387
23339386
23339385
23339384
23304730
23304729
23302093
23302054
23302036
23302015
23301990
23301938
23301863
23301835
23301662
23301629
23301574
23301513
23286209
23278564
23278507
23278466
23278442
23278404
23278350
23278321
23278302
23278252
23278193
23278158
23278157
23278156
23278155
23278154
23278153
23278152
23278151
23216607
23216550
23216461
23216419
23216382
23216301
23216261
23216217
23216195
23216127
23216077
23216017
23215950
23215873
23215838
23215811
23215762
23215739
23205898
23190413
23190390
23190368
23190338
23190282
23190264
23190248
23190201
23190183
23190157
23190124
23190084
23190047
23190028
23190006
23189979
23189930
23173780
23173753
23173724
23173698
23173651
23173613
23167524
23167523
23167522
23167521
23167520
23137126
23106371
23106370
23106369
23106368
23106367
23106366
23094824
23094786
23094755
23094699
23034166
23034155
23034143
23034128
23034090
23034065
23033899
23033865
23033845
23020651
23020629
23020594
23020522
23020312
23020299
23020284
23020144
22994437
22994436
22994435
22994434
22994433
22994432
22994431
22994430
22967670
22989374
22989351
22989322
22989301
22989264
22989221
22989190
22989165
22989117
22989100
22989081
22989043
22989008
22988979
22988951
22988930
22988822
22908874
22908873
22908872
22908871
22908870
22908869
22908868
22908867
22861074
22849881
22849855
22849817
22849788
22849759
22849719
22849701
22849657
22849613
22849546
22849535
22849441
22849409
22849380
22849337
22849306
22823920
22823919
22823918
22823917
22823916
22823915
22823914
22823913
22823912
22775479
22743039
22743001
22742976
22742958
22742931
22742891
22741615
22741595
22741564
22741528
22712712
22712711
22712710
22712709
22712708
22712707
22712706
22712705
22712704
22694488
22694354
22694313
22694291
22694276
22694245
22694205
22694174
22670266
22647147
22647073
22646996
22646140
22646064
22621460
22621459
22621458
22621457
22621456
22621455
22621454
22621453
22606978
22591204
22591183
22486879
22486878
22554344
22554292
22554268
22554247
22554202
22554152
22554121
22554102
22554085
22515811
22515810
22515809
22515808
22515807
22515806
22515805
22515804
22507188
22507171
22486882
22486881
22486880
22486877
22486876
22486875
22486874
22486873
22486872
22486871
22486870
22486869
22486868
22486867
22486866
22486865
22486864
22486863
22497665
22497632
22497584
22497555
22497527
22497500
22497484
22497450
22497427
22497339
22436063
22436062
22436061
22436060
22436059
22436058
22436057
22436056
22436055
22433056
22433016
22432969
22432938
22432916
22432893
22432868
22432836
22432792
22432744
22432472
22432427
22320911
22414330
22414314
22414273
22414250
22414241
22414232
22414211
22414180
22414162
22414138
22414092
22413905
22413883
22413872
22413852
22369685
22369128
22369096
22369065
22369033
22353353
22353352
22353351
22353350
22353349
22353348
22353347
22353346
22353345
22320931
22320930
22320929
22320928
22320927
22320926
22320925
22320924
22320923
22320922
22320921
22320920
22320919
22320918
22320917
22320916
22320915
22320914
22320913
22320912
22320910
22320909
22313377
22283743
22260287
22260286
22260285
22260284
22260283
22260282
22260281
22260280
22260279
22216459
22188204
22188169
22188032
22188031
22188030
22188029
22188028
22188027
22188026
22188025
22188024
22188023
22188022
22168813
22168789
22168753
22168621
22168580
22142567
22142548
22142515
22142484
22142461
22142449
22142434
22142407
22142375
22142332
22142283
22142030
22141402
22141367
22141340
22128901
22114933
22098630
22098610
22098590
22098550
22098497
22098478
22098452
22098411
22098387
22098332
22098296
22098251
22098192
22098185
22098164
22098152
22098133
22098121
22098103
22098099
22098076
22098062
22098019
22097969
22097942
22097941
22097940
22097939
22097938
22097937
22097936
22097931
22097889
22011303
22011302
22011301
22011300
22011299
22011298
22011297
22011296
22011295
22011294
22011293
22011292
22004479
22004457
22004425
22004366
22004331
22004279
22004224
22004172
22004124
22004089
22004062
21977496
21950751
21950750
21950749
21950748
21950747
21950746
21950745
21950744
21950743
21950742
21950741
21929654
21929653
21929652
21929650
21929649
21916996
21916995
21916994
21916993
21916992
21916991
21916990
21916989
21916988
21916987
21916986
21916985
21916984
21913986
21913985
21913984
21913983
21913982
21913981
21913980
21884253
21884252
21884251
21884250
21884249
21884248
21884247
21884246
21884245
21884244
21884243
21883455
21883454
21883453
21880069
21880026
21875430
21871027
21871026
21871025
21871024
21871023
21871022
21871021
21871020
21830325
21793917
21793916
21793915
21793914
21793913
21793912
21793911
21793910
21793909
21793908
21793907
21793906
21793905
21793904
21793903
21793902
21777284
21777283
21777282
21777281
21777280
21777279
21777278
21777277
21777276
21777275
21777274
21771064
21771063
21771062
21771061
21771060
21771059
21751466
21751434
21722182
21722181
21722180
21722179
21722178
21722177
21722176
21679252
21679251
21679250
21679249
21679248
21679247
21672023
21672022
21672021
21672020
21672019
21672018
21672017
21649733
21649732
21649731
21649730
21649729
21649728
21649727
21649726
21649725
21649724
21649723
21649722
21649721
21649720
21631589
21615794
21615793
21615792
21615791
21615790
21615789
21615788
21595748
21592230
21592229
21592228
21592227
21592226
21575060
21575059
21575058
21564291
21564290
21564289
21564288
21564287
21564286
21564285
21564284
21557773
21557772
21557771
21557770
21557769
21557768
21557767
21557766
21545525
21545524
21521366
21517968
21517967
21517966
21501227
21501226
21501225
21501224
21501223
21501222
21488951
21488950
21488949
21488948
21488947
21488946
21488945
21488944
21488943
21488942
21443727
21443726
21443725
21443724
21443723
21443722
21443721
21443720
21443719
21443718
21443717
21443716
21443715
21443714
21443713
21443712
21443711
21443710
21443709
21443708
21443707
21443706
21443705
21443704
21443703
21443702
21443701
21443700
21443699
21443698
21443672
21443671
21443670
21443669
21443668
21443667
21443666
21443665
21443664
21443663
21443662
21443661
21443660
21443659
21443658
21418309
21418308
21418307
21418306
21418305
21418304
21418303
21418302
21418301
21418300
21418299
21418298
21418297
21418296
21410752
21410751
21410750
21401719
21392105
21392104
21375586
21375585
21375584
21371121
21371120
21362046
21362045
21362044
21323992
21323991
21323990
21323989
21332560
21332559
21332558
21332557
21332556
21332555
21332554
21332553
21332552
21332551
21332550
21332549
21332548
21332547
21332546
21332545
21332544
21332543
21332542
21332541
21332540
21332539
21332538
21332537
21332536
21323729
21306433
21303409
21303408
21303407
21303406
21299620
21299619
21299618
21299617
21299616
21299615
21299614
21265881
21265880
21265879
21261738
21261737
21261736
21261735
21261734
21261733
21261732
21261731
21261730
21261729
21261728
21261727
21261726
21261725
21261724
21261723
21261722
21261721
21261720
21261719
21261718
21261717
21261716
21261715
21261714
21261713
21261712
21261711
21261710
21261709
21261708
21251068
21251067
21251066
21251065
21251064
21251063
21251062
21251061
21199533
21199532
21199531
21199530
21199529
21199528
21199527
21199526
21199525
21199524
21199523
21199522
21199521
21199520
21199519
21199518
21199517
21199516
21199515
21199514
21199513
21199512
21199511
21199510
21199509
21199508
21182656
21182654
21214889
21214888
21198831
21198830
21198829
21198828
21198827
21182543
21182542
21175820
21175819
21175818
21175817
21175816
21175815
21175814
21175813
21175812
21175811
21175810
21175809
21175808
21175807
21175806
21175805
21175804
21175803
21175802
21175801
21175800
21175799
21175798
21175797
21175796
21175795
21175794
21175793
21175792
21175791
21175790
21175789
21175788
21175787
21175786
21175785
21166712
21155887
21155886
21155885
21155884
21155883
21155882
21155881
21155880
21155879
21155878
21155877
21155876
21155187
21155186
21155141
21143520
21129028
21129015
21092002
21092001
21092000
21091999
21091998
21091997
21091996
21091995
21091994
21091993
21091992
21091991
21091990
21091989
21091988
21083611
21083610
21083609
21073675
21073674
21073673
21070361
21070360
21069915
21069913
21069912
21062358
21054524
21054523
21054522
21054521
21054520
21054519
21054518
21054517
21054516
21039844
21039843
21039842
21039841
21039840
21039839
21039838
21039837
21039836
21039835
21039834
21039833
21039832
21039831
21039830
21039829
20964257
20928949
20928948
20928947
20880182
20880181
20880180
20880179
20880178
20880177
20880176
20880175
20880174
20880173
20880172
20880171
20880170
20880169
20880168
20880167
20880166
20880165
20880164
20796161
20796160
20796159
20796158
20796157
20796156
20796155
20796154
20796153
20796152
20796151
20796150
20796149
20796148
20796147
20796146
20796145
20796144
20796143
20796141
20796140
20796139
20796138
20659243
20659242
20659241
20659240
20659239
20659238
20659237
20659236
20659235
20659234
20659233
20659232
20659231
20659230
20659229
20659228
20659227
20659226
20659225
20659224
20659223
20659222
20659221
20659220
20659219
20659218
20586877
20586876
20586875
20586874
20586873
20586872
20586871
20586870
20586869
20586868
20586867
20586866
20586865
20586864
20586863
20586862
20586861
20586860
20586859
20586858
20586857
20586856
20586855
20586854
20586853
20586852
20586851
20586850
20586849
20594268
20594267
20594266
20594265
20594264
20594263
20594262
20594261
20594260
20594259
20594258
20594257
20594256
20594255
20594254
20594253
20594252
20594251
20594250
20594249
20594248
20594247
20594246
20594245
20594244
20594243
20594242
20594241
20594240
20594239
20594238
20594237
20594236
20594235
20594234
20594233
20594232
20594231
20594230
20594229
20594228
20594227
20594226
20594225
20594224
20594223
20594222
20594221
20594220
20594219
20594218
20594217
20594216
20594214
20594213
20594212
20594211
20546461
20546460
20546459
20546458
20546457
20546456
20546455
20546454
20546453
20546452
20546451
20546450
20546449
20546448
20546447
20546446
20546445
20546444
20546443
20546442
20546441
20546440
20546439
20546438
20546437
20546436
20546435
20546434
20546433
20492346
20492345
20492344
20492343
20492342
20492341
20492340
20492339
20492338
20492337
20492336
20492335
20492334
20492333
20492332
20492331
20492330
20492329
20492328
20492327
20492326
20492325
20492324
20492323
20492322
20492321
20492320
20492319
20370738
20370737
20370736
20370735
20370734
20370733
20370732
20370731
20370730
20370729
20370728
20370727
20370726
20370725
20370724
20370723
20370722
20370721
20370720
20136994
20136993
20136992
20136991
20136990
20136989
20136988
20136987
20136986
20136984
20136983
20136979
20136978
20136977
20136976
20136975
20136974
20136973
20136972
20136971
20136970
20136969
20136968
20136967
20136964
20136963
20136962
20136961
20136960
20136959
20136958
20136957
20136956
20136955
20136954
20136953
20074168
20074167
20074166
20074165
20074164
20074163
20074162
20074161
20074160
20074159
20074158
20074157
20074156
20074155
20074154
20074153
20074152
20074151
20074150
20074149
20074148
20074147
20074146
20059638
20002944
20002943
20002942
20002941
20002940
20002939
20002938
20002937
20002936
19968751
19968750
19968749
19968748
19968747
19968746
19968745
19968744
19929932
19929931
19929930
19929929
19929928
19929927
19929926
19929925
19929924
19929923
19929922
19929921
19874446
19874445
19874444
19874443
19874442
19845824
19845823
19799707
19799706
19799705
19799704
19799703
19799702
19799701
19799700
19799699
19799698
19799697
19799696
19799695
19799694
19799693
19799692
19799691
19799690
19799689
19799688
19817965
19817964
19817963
19817962
19817961
19817960
19817959
19817958
19817957
19817956
19817955
19817954
19817953
19817952
19817951
19807831
19798783
19798782
19793175
19793174
19793173
19793172
19793171
19793170
19793169
19793168
19793167
19793166
19793165
19793164
19788612
19788611
19788610
19788609
19788608
19788607
19788606
19788605
19788604
19788603
19788602
19788601
19788600
19788599
19788598
19788597
19788596
19769573
19780887
19780886
19780885
19780884
19780883
19780882
19780881
19780880
19780879
19780878
19780877
19780876
19780875
19744004
19744003
19744002
19744001
19744000
19743999
19743998
19743997
19743996
19743995
19743994
19743993
19743992
19743991
19702917
19702916
19702915
19702914
19702913
19702912
19702911
19702910
19702909
19702908
19702907
19702906
19702905
19702904
19702903
19702902
19702901
19702900
19702899
19702898
19702897
19702896
19702895
19691150
19686420
19686419
19686418
19686417
19686416
19686415
19686414
19686413
19686412
19686411
19686410
19686409
19686408
19686407
19686406
19686405
19682202
19682201
19682200
19682199
19682198
19682197
19682196
19682195
19682194
19682193
19682192
19682191
19682190
19682189
19682188
19682187
19682186
19655439
19655437
19646023
19646022
19646021
19646020
19646019
19646018
19646017
19646016
19646015
19646014
19646013
19646012
19646011
19646010
19646008
19638097
19638096
19638095
19638094
19638093
19638092
19638091
19638090
19638089
19638088
19638087
19638086
19638085
19638084
19638083
19638082
19638081
19638080
19638079
19638078
19638076
19638075
19638074
19638073
19496899
19486452
19486451
19486450
19486449
19486448
19486447
19486446
19486259
19486258
19486257
19486256
19486255
19486254
19486253
19476563
19476562
19476561
19476560
19467143
19467142
19467141
19467140
19467139
19457153
19457152
19383083
19383082
19383081
19383080
19383079
19383078
19383077
19378391
19378390
19120884
19368640
19368639
19368638
19368637
19368636
19368635
19368634
19368633
19368632
19368631
19368630
19368629
19368628
19335790
19335789
19335788
19335787
19335786
19335785
19335784
19335783
19335782
19335781
19335780
19226382
19226381
19226380
19226379
19226378
19226377
19220682
19220681
19220680
19220679
19220678
19220677
19220676
19220675
19220674
19220673
19220672
19220671
19220670
19220669
19220668
19220667
19220666
19220665
19220664
19220663
19220662
19220661
19220660
19220659
19220658
19220657
19215341
19215340
19215339
19215338
19215337
19215336
19215335
19215334
19215333
19215332
19215331
19215330
19215329
19215328
19215327
19215326
19207682
19207681
19207680
19196404
19196403
19196402
19196401
19196400
19196399
19196398
19196397
19196396
19196395
19196394
19196393
19196392
19196391
19196390
19175834
19175833
19175832
19175831
19175830
19175829
19175828
19175827
19175826
19175825
19120913
19120912
19120911
19120910
19120909
19120908
19120907
19120906
19120905
19120904
19120903
19120902
19120901
19120900
19120899
19120898
19120897
19120896
19120895
19120894
19120893
19120892
19120891
19120890
19120889
19120888
19120887
19120886
19120883
19120882
19120881
19120880
19120879
19120878
19120877
19120876
19120875
19120874
19120873
19120872
19120871
19120870
19120869
19120868
19120867
19120866
19120865
19120864
19120863
19120862
19120861
19120860
19120859
19120858
19120857
19120856
19120855
19120854
19120853
19120852
19120851
19120850
19120849
19120848
19120847
19120846
19120845
19120844
19120843
19067780
19067779
19067778
19067777
19067776
19054267
19054266
19054265
19054264
19054263
19054262
19054261
19054260
19054259
19054258
19054257
19054256
19054255
19054254
19032461
19032460
19032459
19032458
19032457
19032456
19032455
19032454
19032453
19032452
19032451
19032450
19032449
19032448
19032447
19032446
19032445
19032444
19017089
18844950
18854005
18854004
18854003
18854002
18854001
18854000
18853999
18853998
18853997
18853996
18853995
18853994
18853993
18853992
18853991
18853990
18853989
18823443
18823442
18823441
18823440
18823439
18823438
18823437
18823436
18823435
18823434
18823433
18823432
18823431
18823430
18823429
18771509
18761561
18761560
18761559
18761558
18761557
18761556
18761555
18761554
18759942
18756615
18752564
18752563
18752562
18752561
18752560
18752559
18752558
18752557
18717763
18717762
18717761
18717760
18717759
18717758
18717757
18717756
18714473
18713306
18713305
18713304
18713303
18713302
18713301
18713300
18713299
18713298
18713297
18713296
18713295
18713294
18707603
18707602
18707601
18707600
18707599
18707598
18707597
18707596
18707595
18707594
18707593
18702687
18702686
18702685
18702684
18702683
18700937
18700899
18699984
18699983
18699982
18699981
18699980
18699979
18699978
18699977
18699976
18699975
18662197
18637061
18637060
18637059
18637058
18637057
18637056
18637055
18637054
18637053
18624901
18624900
18624899
18624898
18624897
18624896
18565028
18565027
18565026
18565025
18565024
18565023
18565022
18565021
18565020
18565019
18565018
18565017
18565016
18565015
18565014
18557801
18557800
18557799
18554241
18554240
18554239
18554238
18554237
18554236
18554235
18554234
18522684
18522683
18522682
18522681
18505417
18505416
18505415
18505414
18505413
18466290
18466289
18466288
18466287
18466286
18466285
18444994
18444993
18444992
18444991
18444990
18422964
18422963
18422962
18422961
18422960
18410616
18410615
18410614
18410613
18410612
18410611
18410610
18410609
18410608
18410607
18410606
18410605
18410604
18410603
18410602
18410601
18410600
18410599
18336675
18336674
18336673
18336672
18336671
18336670
18336669
18336668
18336667
18336666
18336665
18336664
18336663
18336662
18336661
18336660
18336659
18336658
18336657
18336656
18336655
18336654
18336653
18336652
18336651
18336650
18397495
18397494
18397493
18397492
18397491
18397490
18397489
18397488
18397487
18397486
18397485
18397484
18397483
18397482
18397481
18397480
18397479
18397478
18373564
18373563
18373562
18341540
18341539
18318828
18318827
18318826
18318825
18318824
18318823
18318822
18318821
18318820
18318819
18318818
18318817
18318816
18289365
18289364
18289363
18289362
18289361
18289360
18289359
18289358
18289357
18289356
18289355
18289354
18289353
18289352
18289351
18289350
18289349
18289348
18265445
18248383
18248382
18248381
18248380
18205773
18205772
18205771
18205770
18205769
18171359
18171358
18171357
18171356
18171355
18171354
18171353
18171352
18171351
18171350
18171349
18171348
18171347
18171346
18171345
18171344
18171343
18171342
18171341
18171340
18171339
18171338
18171337
18171336
18171335
18086122
18086121
18086120
18086119
18086118
18086117
18086116
18086115
18086114
18086113
18086112
18086111
18086110
18086109
18086108
18070017
18070016
18070015
18070014
18070013
18070012
18070011
18070010
18070009
18070008
17897290
18031404
18031403
18031402
18031401
18031400
18031399
18031398
18031397
18031396
18031395
18031394
18031393
18031392
18031391
18031390
18031389
18031388
18031387
18031386
18031385
18031384
18031383
18031382
18031381
18031380
18031379
18031378
18031377
18031376
18031375
18031374
18031373
18031372
18031371
18031370
18031369
18031368
18031367
18031366
18031365
18031364
18031363
18031362
18031361
18031360
18031359
18031358
18028351
18028350
18028349
18028348
18028347
18005015
18005014
18005013
18005012
18005011
17995946
17995944
17995943
17995942
17995941
17944898
17944897
17944888
17944887
17944886
17944885
17944884
17944883
17944882
17931373
17931372
17931371
17931370
17924953
17924952
17924951
17919263
17914993
17914992
17914991
17914990
17914989
17914988
17914987
17914986
17914985
17914984
17914983
17914982
17914981
17914980
17914979
17914978
17914977
17914976
17914975
17914974
17914973
17914972
17914971
17914970
17914969
17914968
17914967
17914966
17914965
17914964
17914963
17914962
17914961
17914960
17914959
17914958
17914957
17914956
17914955
17914954
17914953
17914952
17914951
17914950
17914949
17914948
17914947
17914946
17914945
17914944
17914943
17914942
17914941
17914940
17914939
17914938
17914937
17914936
17914935
17914934
17567479
17868336
17868335
17868334
17868333
17868332
17868331
17868330
17854426
17854425
17854424
17854423
17854422
17845701
17845700
17845699
17845698
17845697
17845696
17845695
17845694
17845693
17845692
17845691
17845690
17845689
17845688
17845687
17845686
17845685
17845684
17845683
17845682
17845681
17845680
17784865
17784864
17784863
17764531
17764530
17764529
17764528
17764527
17725603
17725602
17725601
17725600
17725599
17725598
17725597
17725596
17725595
17725594
17725593
17725592
17725591
17716361
17716360
17716359
17716358
17716357
17716356
17716355
17716354
17716353
17716352
17716351
17716350
17716349
17716348
17716347
17716346
17716345
17716344
17716343
17716342
17716341
17716340
17716339
17716338
17567478
17567477
17567476
17567475
17567474
17567473
17567472
17567471
17567470
17567469
17567468
17567467
17567466
17567465
17567464
17567463
17567462
17567461
17567460
17567459
17567458
17567457
17567456
17567455
17688676
17688675
17688674
17688673
17688672
17688671
17688670
17688669
17688668
17688667
17688666
17688665
17688664
17688663
17688662
17688661
17688660
17688659
17688658
17688657
17688656
17688655
17683504
17683503
17683502
17683501
17683500
17683499
17683498
17683497
17683496
17683495
17683494
17683493
17683492
17683491
17683490
17683489
17683488
17683487
17683486
17683479
17683478
17683477
17683476
17645736
17645735
17645734
17645483
17645482
17645481
17645480
17645479
17645478
17645477
17645476
17645475
17645474
17645473
17645472
17645471
17645470
17645469
17645468
17645467
17645466
17645465
17645464
17645463
17645462
17645461
17645460
17645459
17623034
17623033
17614957
17614956
17614955
17608867
17608866
17608865
17608864
17608863
17608862
17608861
17608860
17608859
17608858
17608857
17608856
17608855
17608854
17608853
17608852
17608851
17608850
17608849
17608848
17608847
17608846
17608845
17608844
17608843
17608842
17608841
17608840
17608839
17608838
17608837
17608639
17608638
17608637
17608636
17593227
17593226
17593225
17593224
17593223
17593222
17573833
17573832
17573831
17573830
17573829
17573828
17565657
17565656
17565655
17565654
17565653
17565652
17565651
17565650
17565649
17565648
17565647
17565646
17565645
17565644
17565643
17565642
17565641
17565640
17565639
17565638
17565637
17565636
17565635
17565634
17565633
17565632
17565631
17565630
17565629
17565628
17565627
17565626
17565588
17565587
17565586
17565585
17559386
17559385
17559384
17559383
17559382
17559381
17559380
17559379
17559378
17559377
17559376
17559375
17559374
17559373
17559372
17559371
17559370
17559369
17559368
17559367
17559366
17559365
17559364
17559363
17559362
17559361
17559360
17559359
17559358
17559357
17559356
17532786
17532785
17532784
17532783
17532782
17524042
17524041
17524040
17524039
17524038
17517084
17504261
17504260
17498222
17498221
17498220
17498219
17498218
17489966
17489965
17489964
17489963
17489962
17489961
17444876
17444875
17444874
17444873
17444872
17444871
17444870
17444869
17444868
17444867
17444866
17444865
17444864
17444863
17444862
17444861
17444860
17444859
17444858
17444857
17444856
17444855
17444854
17444853
17444852
17444851
17444850
17444849
17444848
17444847
17444846
17444845
17444844
17376065
17376064
17376063
17376062
17376061
17376060
17376059
17376058
17376057
17376056
17376055
17376054
17376053
17376052
17376051
17376050
17376049
17376048
17376047
17376046
17376045
17376044
17376043
17376042
17376041
17376040
17376039
17376038
17376037
17376036
17376035
17376034
17376033
17376032
17295892
17295891
17295890
17295889
17295888
17295887
17295886
17295885
17295884
17295883
17295882
17295881
17295880
17295879
17295878
17295877
17295876
17295875
17295874
17295873
17295872
17295871
17295870
17295869
17295868
17295867
17295866
17295865
17295864
17295863
17295789
17295788
17295787
17295786
17295785
17295784
17295783
17295782
17295781
17295780
17295779
17295778
17295777
17295776
17295775
17295774
17295773
17295772
17295771
17295770
17295769
17295768
17295767
17295766
17295765
17295764
17295763
17295762
17295761
17295760
17295759
17295758
17295757
17295756
17201902
17201901
17201900
17201899
17201898
17201897
17201896
17201895
17201894
17201893
17201892
17201891
17201890
17201889
17201888
17201887
17201886
17201885
17201884
17201883
17201882
17201881
17201880
17201879
17201878
17201877
17201876
17201875
17201874
17201873
17201872
17107586
17074036
17074035
17074034
17074033
17074032
17074031
17074030
17074029
17074028
17074027
17074026
17074025
17074024
17074023
17074022
17074021
17074020
17074019
17074018
17074017
17074016
17074015
17074014
17074013
17074012
16984610
16984609
16984608
16984607
16984606
16984605
16984604
16984603
16984602
16984601
16984600
16984599
16984598
16984597
16984596
16984595
16984594
16984593
16984592
16984591
16984590
16984589
16984588
16984587
16984586
16984585
16984584
16984583
16984582
16961587
16958684
16958683
16958682
16958681
16958680
16958679
16958678
16958677
16958676
16958675
16958674
16958673
16958672
16958671
16958670
16958669
16958668
16958667
16958666
16958665
16958664
16958663
16958662
16958661
16958660
16958659
16958658
16958657
16958656
16928237
16928236
16928235
16928234
16928233
16928232
16928231
16928230
16928229
16928228
16928227
16928226
16928225
16928224
16928223
16928222
16928221
16928220
16928219
16928218
16928217
16928216
16928215
16928214
16928213
16928212
16928211
16928210
16928209
16911708
16911707
16911706
16911705
16911704
16911703
16911702
16911701
16911700
16911699
16911698
16911697
16911696
16911695
16911694
16911693
16911692
16911691
16911690
16911689
16911688
16911687
16911686
16911685
16911684
16911683
16911682
16911681
16911680
16911679
16911678
16911677
16911676
16872329
16872328
16872327
16872326
16872325
16872324
16872323
16872322
16872321
16872320
16872319
16872318
16872317
16872316
16872315
16872314
16872313
16872312
16872311
16872310
16872309
16872308
16872307
16872306
16872305
16872304
16872303
16872302
16872301
16824087
16824086
16824085
16824084
16824083
16824082
16824081
16824080
16824079
16824078
16824077
16824076
16824075
16824074
16824073
16824072
16824071
16824070
16824069
16824068
16824067
16824066
16824065
16824064
16824063
16824062
16824061
16824060
16824059
16824058
16824057
16824056
16729390
16725006
16725005
16725004
16725003
16725002
16725001
16725000
16724999
16724998
16724997
16724996
16724995
16724994
16724993
16724992
16724991
16724990
16724989
16724988
16724987
16724986
16724985
16724984
16724983
16724982
16724981
16724980
16724979
16724978
16724977
16724976
16724975
16724974
16706832
16706831
16706830
16706829
16706828
16706827
16706826
16706825
16706824
16706823
16706822
16706821
16706820
16706819
16706818
16706817
16706816
16706815
16706814
16706813
16706812
16706811
16706810
16706809
16706808
16706807
16706806
16706805
16706804
16706803
16706802
16706801
16706800
16706799
16704553
16704552
16704551
16704550
16704549
16704548
16704547
16704546
16704545
16704544
16704543
16704542
16704541
16704540
16704539
16704538
16704537
16704536
16704535
16704534
16704533
16704532
16704531
16704530
16704529
16704528
16704527
16704526
16704525
16704524
16677176
16677175
16677174
16677173
16677172
16677171
16677170
16677169
16677168
16677167
16677166
16677165
16677164
16677163
16677162
16677161
16677160
16677159
16677158
16677157
16677156
16677155
16677154
16677153
16677152
16677151
16677150
16677149
16677148
16677147
16677146
16677145
16638117
16638116
16638115
16638114
16638113
16638112
16638111
16638110
16638109
16638108
16638107
16638106
16638105
16638104
16638103
16638102
16638101
16638100
16638099
16638098
16638097
16638096
16638095
16638094
16638093
16638092
16638091
16638090
16638089
16638088
16548921
16512841
16509887
16509886
16509885
16509884
16509883
16509882
16509881
16509880
16509879
16509878
16509877
16509876
16509875
16509874
16509873
16509872
16509871
16509870
16509869
16509868
16509867
16509866
16509865
16509864
16509863
16509862
16509861
16509860
16509859
16509858
16509857
16509856
16460504
16460503
16460502
16460501
16460500
16460499
16460498
16460497
16460496
16460495
16460494
16460493
16460492
16460491
16460490
16460489
16460488
16460487
16460486
16460485
16460484
16460483
16460482
16460481
16460480
16460479
16460478
16460477
16460476
16460475
16460474
16460473
16359347
16359346
16359345
16359344
16359343
16359342
16336466
16336465
16336464
16336463
16336462
16336461
16336460
16336459
16336458
16336457
16336456
16336455
16336454
16336453
16336452
16336451
16336450
16336449
16336448
16336447
16336446
16336445
16336444
16336443
16336442
16336441
16336440
16336439
16336438
16336437
16336436
16246210
16246209
16246208
16246207
16246206
16246205
16246204
16246203
16246202
16246201
16246200
16246199
16246198
16246197
16246196
16246195
16246194
16246193
16246192
16246191
16246190
16246189
16246188
16246187
16246186
16246185
16246184
16246183
16246182
16246181
16246180
16246179
16246178
16174092
16174091
16174090
16174089
16174088
16174087
16174086
16174085
16174084
16174083
16174082
16174081
16174080
16174079
16174078
16174077
16174076
16174075
16174074
16174073
16174072
16174071
16174070
16174069
16174068
16174067
16174066
16174065
16174064
16174063
16174062
16174061
16159359
16137319
16105148
16105147
16105146
16105145
16105144
16105143
16105142
16105141
16105140
16105139
16105138
16105137
16105136
16105135
16105134
16105133
16105132
16105131
16105130
16105129
16105128
16105127
16105126
16105125
16105124
16105123
16105122
16105121
16105120
16105119
16105118
16105117
16105116
16105115
16105114
16048590
16048589
16048588
16048587
16048586
16048585
16048584
16048583
16048582
16048581
16048580
16048579
16048578
16048577
16048576
16048575
16048574
16048573
16048572
16048571
16048570
16048569
16048568
16048567
16048566
16048565
16048564
16048563
16048562
16048561
16048560
16048559
15955234
15955233
15955232
15955231
15955230
15955229
15955228
15955227
15955226
15955225
15955224
15955223
15955222
15955221
15955220
15955219
15955218
15955217
15955216
15955215
15955214
15955213
15955212
15955211
15955210
15955209
15955208
15955207
15955206
15955205
15955204
15955203
15955202
15946157
15946156
15946155
15946154
15946153
15946152
15946151
15946150
15946149
15946148
15946147
15946146
15946145
15946144
15946143
15946142
15946141
15946140
15946139
15946138
15946137
15946136
15946135
15946134
15946133
15946132
15946131
15946130
15946129
15946128
15946127
15946126
15946125
15854004
15854003
15854002
15854001
15854000
15853999
15853998
15853997
15853996
15853995
15853994
15853993
15853992
15853991
15853990
15853989
15853988
15853987
15853986
15853985
15853984
15853983
15853982
15853981
15853980
15853979
15853978
15853977
15853976
15836728
15836727
15836726
15836725
15836724
15836723
15836722
15836721
15836720
15836719
15836718
15836717
15836716
15836715
15836714
15836713
15836712
15836711
15836710
15836709
15836708
15836707
15836706
15836705
15836704
15836703
15836702
15836701
15836700
15836699
15836698
15836697
15836696
15740503
15740502
15740501
15740500
15740499
15740498
15740497
15740496
15740495
15740494
15740493
15740492
15740491
15740490
15740489
15740488
15740487
15740486
15740485
15740484
15740483
15740482
15740481
15740480
15740479
15740478
15740477
15740476
15740475
15740474
15740473
15683446
15683445
15683444
15683443
15683442
15683441
15683440
15683439
15683438
15683437
15683436
15683435
15683434
15683433
15683432
15683431
15683430
15683429
15683428
15683427
15683426
15683425
15683424
15683423
15683422
15683421
15683420
15683419
15683418
15683417
15683416
15641210
15641209
15641208
15641207
15610470
15610469
15610468
15610467
15610466
15610465
15610464
15610463
15610462
15610461
15610460
15610459
15610458
15610457
15610456
15610455
15610454
15610453
15610452
15610451
15610450
15610449
15610448
15610447
15610446
15610445
15610444
15610443
15610442
15610441
15610440
15610439
15610325
15610324
15610323
15610322
15610321
15610320
15610319
15610318
15610317
15610316
15610315
15610314
15610313
15610312
15610311
15610310
15610309
15610308
15610307
15610306
15610305
15610304
15546256
15546255
15546254
15546253
15482549
15482548
15482547
15482546
15482545
15482544
15482543
15482542
15482541
15482540
15482539
15482538
15482537
15482536
15482535
15482534
15482533
15482532
15482531
15482530
15482529
15482528
15482527
15377310
15377309
15377308
15377307
15377306
15377305
15377304
15377303
15377302
15377301
15377300
15377299
15377298
15377297
15377296
15377295
15377294
15377293
15377292
15377291
15377290
15377289
15377288
15377287
15377286
15377285
15369489
15333070
15324384
15324383
15324382
15324381
15324380
15324379
15324378
15304135
15304134
15304133
15304132
15304131
15304130
15304129
15304128
15304127
15304126
15304125
15304124
15304123
15304122
15304121
15304120
15304119
15304118
15304117
15304116
15304115
15304114
15304113
15304112
15304111
15304110
15304109
15242511
15242510
15242509
15242508
15242507
15242506
15242505
15242504
15242503
15242502
15242501
15242500
15242499
15242498
15242497
15242496
15242495
15242494
15242493
15242492
15242491
15242490
15242489
15242488
15242487
15242486
15242485
15242484
15242483
15209639
15209638
15209637
15209636
15209635
15209634
15209633
15209632
15209631
15209630
15209629
15209628
15209627
15209626
15209625
15209624
15209623
15209622
15209621
15209620
15209619
15209618
15209617
15209616
15185674
15156930
15156929
15156928
15156927
15156926
15151641
15151640
15151639
15151638
15151637
15151636
15151635
15151634
15151633
15151632
15151631
15151630
15151629
15151628
15151627
15151626
15151625
15151624
15151623
15151622
15151621
15151620
15151619
15151618
15151617
15151616
15151615
15151614
15151613
15151612
15086612
15086611
15086610
15086609
15086608
15086607
15086606
15086605
15086604
15086603
15086602
15086601
15086600
15086599
15086598
15086597
15086596
15086595
15086594
15086593
15086592
15086591
15086590
15012799
15012798
15012797
15012796
15012795
15012794
15012793
15012792
15012791
15012790
15012789
15012788
15012787
15012786
15012785
15012784
15012783
15012782
15012781
15012780
15012779
15012778
15012777
15012776
15012775
15012774
15012773
15012772
15012771
15012770
14748890
14748889
14748888
14748887
14748886
14748885
14748884
14748883
14748882
14748881
14748880
14748879
14748878
14748877
14748876
14748875
14748874
14748873
14748872
14748871
14748870
14748869
14731144
14731143
14731142
14731141
14731140
14731139
14731138
14731137
14731136
14731135
14731134
14731133
14731132
14731131
14731130
14731129
14731128
14731127
14731126
14731125
14731124
14731123
14731122
14731121
14731120
14731119
14675275
14675274
14675273
14675272
14675271
14675270
14675269
14675268
14675267
14675266
14675265
14675264
14675263
14675262
14675261
14675260
14675259
14675258
14675257
14675256
14675255
14675254
14675253
14675252
14675251
14675250
14675249
14675248
14675247
14675246
14675245
14675244
14675243
14675242
14675241
14675240
14675239
14675238
14675237
14675236
14675235
14535995
14535994
14535993
14535992
14535991
14535990
14535989
14535988
14535987
14535986
14535985
14535984
14535983
14535982
14535981
14535980
14535979
14535978
14535977
12974920
12974919
12974918
12974917
12974916
12974915
12974914
12974913
12974912
12974910
12974909
12974908
12974907
12974906
12974905
12974904
12974903
12974902
12974901
12974900
12974899
12974898
12974897
12974896
12969275
12950489
12911675
12911674
12911673
12911671
12911670
12911669
12911668
12911667
12911666
12911665
12911664
12911663
12911662
12911661
12911660
12911659
12911658
12911657
12911656
12911655
12911654
12859737
12859736
12859735
12859734
12859733
12859732
12859731
12859730
12859729
12859728
12859727
12859726
12859725
12859724
12859723
12859722
12859721
12859720
12859719
12859718
12859717
12859716
12795767
12795766
12795765
12795764
12795763
12795762
12795761
12795760
12795759
12795758
12795757
12795756
12795755
12795754
12795753
12795752
12795751
12795750
12795749
12795748
12795747
12795746
12795745
12795744
12753165
12753164
12753163
12753162
12753160
12753159
12753158
12753157
12753156
12753155
12753154
12753153
12753152
12753151
12753150
12753149
12753148
12753147
12753146
12753145
12753144
12753143
12753142
12753141
12702058
12702057
12702056
12702055
12702054
12702053
12702052
12702051
12702050
12702049
12702048
12702047
12702046
12702045
12702044
12702043
12702042
12702041
12702040
12702039
12702038
12653905
12653904
12653903
12653902
12653901
12653900
12653898
12653897
12653896
12653895
12653894
12653893
12653892
12653891
12653890
12653889
12653888
12653887
12653886
12653885
12653884
12653883
12653882
12653881
12603544
12603543
12603542
12603540
12603539
12603538
12603537
12603536
12603535
12603534
12603533
12603532
12603531
12603530
12603529
12603528
12603527
12603526
12603525
12603524
12603523
12603522
12603521
12603520
12542614
12542613
12542611
12542610
12542609
12542608
12542607
12542606
12542605
12542604
12542603
12542602
12542601
12542600
12542599
12542598
12542597
12542596
12542595
12542594
12534791
12534790
12534789
12534788
12534787
12534786
12534785
12534784
12534783
12534782
12534781
12534780
12534779
12534778
12534777
12534776
12534775
12534774
12519239
12519238
12519237
12519236
12519235
12519234
12519233
12519232
12519231
12519230
12519229
12519228
12519227
12519226
12519225
12519224
12519223
12519222
12519221
12519220
12519219
12519218
12519217
12519216
12472977
12472976
12472975
12472974
12472973
12472972
12472971
12472970
12472969
12472968
12472967
12472966
12472965
12472964
12472963
12472962
12472961
12472960
12472959
12472958
12472957
12472956
12472955
12472954
12472953
12472952
12472951
12472950
12472949
12472948
12472947
12472946
12472945
12472944
12472943
12472942
12472941
12472940
12472939
12472938
12472937
12462218
12453290
12453289
12453288
12453287
12453286
12453285
12453284
12453283
12453282
12453281
12453280
12453279
12453278
12453277
12453276
12453275
12453274
12453273
12453272
12453271
12453270
12423287
12423286
12423285
12423283
12423282
12423281
12423280
12423279
12423278
12423277
12423276
12423275
12423274
12423273
12423272
12423271
12423270
12423269
12423268
12423267
12423266
12227330
12201879
12201877
12201876
12201875
12201874
12201873
12201872
12201871
12201870
12201869
12201868
12201867
12201866
12201865
12201864
12201863
12201862
12167131
12167130
12167128
12167127
12167126
12167125
12167124
12167123
12167122
12167121
12167120
12167119
12167118
12167117
12167116
12167115
12167114
12167113
12167112
12167111
12164972
12164971
12164970
12164969
12164968
12164967
12164966
12164965
12164964
12164963
12164962
12164961
12164960
12164959
12164958
12164957
12164956
12164955
12164954
12164953
12121514
12121513
12121512
12121511
12121510
12121509
12121508
12121507
12121506
12121505
12121504
12121503
12121502
12121501
12121500
12100623
12100622
12100621
12100620
12100619
12100618
12100617
12100616
12100615
12100614
12100613
12100612
12100611
12100610
12100609
12100608
12100607
12100606
12100605
12084041
12084040
12084039
12084038
12084037
12084036
12084035
12084034
12084033
12084032
12084031
12084030
12084029
12084028
12084027
12084026
12084025
12084024
12084023
12084022
12000606
12000605
12000604
12000603
12000602
12000601
12000600
12000599
12000598
12000597
12000596
12000595
12000594
12000593
12000592
12000591
12000590
11987263
11987262
11982735
11982734
11982733
11982732
11982731
11982730
11982729
11982728
11982727
11982726
11982725
11982724
11982723
11982722
11982721
11982720
11982719
11982718
11982717
11982716
11982715
11982714
11982713
11982712
11982711
11982709
11982708
11982707
11982706
11982705
11982704
11982703
11982702
11982701
11982700
11982699
11982698
11982697
11982696
11982695
11982694
11982693
11982692
11982691
11966960
11966958
11966956
11966955
11966954
11966953
11966952
11966951
11966950
11966949
11966948
11966947
11966946
11966945
11966944
11966943
11966942
11966941
11966940
11966939
11966938
11903755
11903753
11903752
11903751
11903750
11903749
11903748
11903747
11903746
11903745
11903744
11903743
11903742
11903741
11903740
11903739
11903738
11903737
11903736
11903735
11903734
11903733
11903732
11903731
11895565
11895563
11895562
11895561
11895560
11895559
11895558
11895557
11895556
11895555
11895554
11895553
11895552
11895551
11895550
11895549
11895548
11851847
11851846
11851845
11851843
11851842
11851841
11851840
11851839
11851838
11851837
11851836
11851835
11851834
11851833
11851832
11851831
11851830
11851829
11851828
11851827
11851826
11851825
11686850
11686849
11686847
11686846
11686845
11686844
11686843
11686842
11686841
11686840
11686839
11686838
11686837
11686836
11686835
11686834
11686833
11686832
11686831
11595080
11595079
11595077
11595076
11595075
11595074
11595073
11595072
11595071
11595070
11595069
11595068
11595067
11595066
11595065
11595064
11595063
11595062
11595061
11595060
11595059
11595058
11595057
11595056
11555120
11555119
11555118
11555117
11555116
11555115
11555113
11555112
11555111
11555110
11555109
11555108
11555107
11555106
11555105
11555104
11555103
11555102
11555101
11555100
11555099
11555098
11555097
11555096
11555095
11555094
11446901
11446900
11446899
11446898
11446897
11446896
11446894
11446893
11446892
11446891
11446890
11446889
11446888
11446887
11446886
11446885
11446884
11446883
11446882
11446881
11446880
11446879
11446878
11446877
11446876
11446875
11422630
11422629
11422628
11422626
11422625
11422624
11422623
11422622
11422621
11422620
11422619
11422618
11422617
11422616
11422615
11422614
11422613
11422612
11422611
11422610
11422609
11422608
11386228
11357901
11354292
11354291
11354290
11354289
11354288
11354287
11354286
11354285
11354284
11354283
11354282
11354281
11354280
11354279
11354278
11354277
11354276
11354275
11354274
11354273
11354272
11350561
11350560
11350559
11350558
11350557
11350556
11350555
11350554
11350553
11350552
11350551
11350550
11350549
11350548
11350547
11350546
11350545
11350544
11350543
11350542
11350541
11339433
11339432
11339431
11339430
11339429
11339428
11339427
11339426
11339425
11339424
11339423
11339422
11339421
11339420
11339419
11339418
11339417
11339416
11339415
11339414
11339413
11228643
11206322
11206321
11206320
11206319
11206318
11206317
11206316
11206315
11206314
11206313
11206312
11206311
11206310
11206309
11206308
11206307
11206306
11206305
11206304
11206303
11197059
11197058
11197057
11197056
11197055
11197054
11197053
11197052
11197051
11197050
11197049
11197048
11197047
11197046
11197045
11197044
11197043
11197042
11207911
11207910
11207909
11207908
11207907
11207906
11207905
11207904
11207903
11207902
11207901
11207900
11207899
11207898
11207897
11207896
11207895
11207894
11207893
11207892
11207891
11207890
11207889
11129234
11129233
11129232
11129231
11129230
11129229
11129228
11129227
11129226
11129225
11129224
11129223
11129222
11129221
11129220
11129219
11129218
11129217
11129216
11129215
11129214
11129213
11106107
11106106
11106105
11106104
11106103
11106102
11106101
11106100
11106099
11106098
11106097
11106096
11106095
11106094
11106093
11106092
11106091
11106090
11106089
11106088
11106087
11106086
11106085
11101002
11101001
11101000
11100999
11100998
11100997
11100996
11100995
11100994
11100993
11100992
11100991
11100990
11100989
11100988
11100987
11100986
11100985
11086503
11059943
11059942
11059941
11059940
11059939
11059938
11059937
11059936
11059935
11059934
11059933
11059932
11059931
11059930
11059929
11059928
11059927
11059926
11059925
11059924
11059923
11022842
11022841
11022840
11022839
11022838
11022837
11022836
11022835
11022834
11022833
11022832
11022831
11022830
11022829
11022828
11022827
11022826
11022825
11022824
11022823
11022822
11022821
11022820
11022819
10963030
10937691
10937690
10937689
10937688
10937687
10937686
10937685
10937684
10937683
10937682
10937681
10937680
10937679
10937678
10937677
10937676
10937675
10937674
10937673
10937672
10937671
10921427
10921426
10921425
10921424
10921423
10921422
10921421
10921420
10921419
10921418
10921417
10921416
10921415
10921414
10921413
10921412
10921411
10921410
10921409
10921408
10921407
10921406
10921405
10921404
10921403
10921402
10921401
10921400
10921399
10921398
10921397
10921396
10921395
10921394
10921393
10921392
10921391
10921390
10921389
10921388
10921387
10921386
10921385
10921384
10921383
10921382
10921381
10921380
10921379
10921378
10921377
10921376
10921375
10921374
10921373
10921372
10909688
10847448
10847447
10847446
10847445
10847444
10847443
10847442
10847441
10847440
10847439
10847438
10847437
10847436
10847435
10847434
10847433
10847432
10847431
10847430
10847429
10824895
10824894
10824893
10824892
10824891
10824890
10824889
10824888
10824887
10824886
10824885
10824884
10824883
10824882
10824881
10824880
10824879
10824878
10824877
10824876
10824875
10824874
10824873
10824872
10764039
10764038
10764037
10764036
10764035
10764034
10764033
10764032
10764031
10764030
10764029
10764028
10764027
10764026
10764025
10764024
10764023
10764022
10764021
10764020
10759227
10759226
10759225
10759224
10759223
10759222
10759221
10759220
10759219
10759218
10759217
10759216
10759215
10759214
10759213
10735549
10735548
10735547
10735546
10735545
10735544
10735543
10735542
10735541
10735540
10735539
10735538
10735537
10735536
10735535
10735534
10735533
10735532
10719756
10719755
10719754
10719753
10719752
10719751
10719750
10719749
10719748
10719747
10719746
10719745
10719744
10719743
10719742
10719741
10719740
10719739
10638327
10638326
10634165
10634164
10634163
10634162
10634161
10634160
10634159
10634158
10634157
10634156
10634155
10634154
10634153
10634152
10634151
10634150
10634149
10634148
10574134
10574146
10574145
10574144
10574143
10574142
10574141
10574140
10574139
10574138
10574137
10574136
10574135
10574133
10574132
10574131
10574130
10574129
10549330
10535480
10535479
10535478
10535477
10535476
10535475
10535474
10535473
10535472
10535471
10535470
10535469
10535468
10535467
10535466
10535465
10535464
10535463
10535462
10532794
10530504
10530503
10530502
10530501
10530500
10530499
10530498
10530497
10530496
10530495
10530494
10530493
10530492
10530491
10530490
10530489
10530488
10482439
10482438
10482437
10482436
10482435
10482434
10482433
10482432
10482431
10482430
10482429
10482428
10482427
10482426
10482425
10482424
10482423
10440222
10440221
10440220
10440219
10440218
10440217
10440216
10440215
10440214
10440213
10440212
10440211
10440210
10440209
10440208
10440207
10440206
10440205
10385074
10385073
10385072
10385071
10385070
10385069
10385068
10385067
10385066
10385065
10385064
10385063
10385062
10385061
10385060
10385059
10385058
10385057
10385056
10382641
10382640
10382639
10382638
10382637
10382636
10382635
10382634
10382633
10382632
10382631
10382630
10357582
10355519
10355518
10355517
10355516
10355515
10355514
10355513
10355512
10355511
10355510
10355509
10355508
10355507
10355506
10355505
10355504
10355503
10355502
10355501
10355500
10221829
10221828
10221827
10221826
10221825
10221824
10221823
10221822
10221821
10221820
10221819
10221818
10221817
10221816
10221815
10221814
10221813
10221812
10221811
10221810
10207793
10207792
10207791
10207790
10207789
10207788
10207787
10207786
10207785
10207784
10207783
10207782
10207781
10207780
10207779
10207778
10207777
10207776
10207775
10197490
10197504
10197503
10197502
10197501
10197500
10197499
10197498
10197497
10197496
10197495
10197494
10197493
10197492
10197491
10197489
10197488
10197487
10197486
10029304
10029303
10029302
10029301
10029300
10029299
10029298
10029297
10029296
10029295
10029294
10029293
10029292
10029291
10029290
10029289
10029288
10029287
10029286
10029285
10029284
10029283
10029282
10029281
10029280
10029279
10029278
10029277
10029276
10029275
10029274
10029273
10029272
10029271
10029270
10023415
9918440
9918439
9918438
9918437
9918436
9918435
9918434
9918433
9918432
9918431
9918430
9918429
9918428
9918427
9918426
9918425
9918424
9918423
9918422
9918421
9870808
9870807
9870806
9870805
9870804
9870803
9870802
9870801
9870800
9870799
9870798
9870797
9870796
9870795
9870794
9870793
9870792
9870791
9835329
9835328
9835327
9835326
9835325
9835324
9835323
9835322
9835321
9835320
9835319
9835318
9835317
9835316
9835315
9835314
9835313
9835312
9835311
9835310
28976681
28976680
28976679
28976678
28976677
28976676
28976675
28976674
28976673
28976672
28976671
28976670
28976669
28976668
28976667
28976666
28976665
28976664
28976663
28976662
28976661
28976660
28976659
28976658
28976657
28976656
28976655
28976654
28976653
28976652
28976651
28976650
28976649
28976648
28976647
9794200
9794199
9794198
9794197
9794196
9794195
9794194
9794193
9794192
9794191
9794190
9794189
9794188
9794187
9794186
9794185
9794184
9794183
9794182
9794181
9792047
9792046
9792045
9792044
9792043
9792042
9792041
9792040
9792039
9792038
9792037
9792036
9792035
9792034
9792033
9792032
9792031
9792030
9792029
9792028
9737581
9737580
9737579
9737578
9737577
9737576
9737575
9737574
9737573
9737572
9737571
9737570
9737569
9737568
9737567
9737566
9737565
9737564
9736184
9736183
9736182
9736181
9736180
9736179
9736178
9736177
9736176
9736175
9736174
9736173
9736172
9736171
9736170
9736169
9736168
9736167
28976702
28976701
28976700
28976699
28976698
28976697
28976696
28976695
28976694
28976693
28976692
28976691
28976690
28976689
28976688
28976687
28976686
28976685
28976684
28976683
9715431
9715430
9715429
9715428
9715427
9715426
9715425
9715424
9715423
9715422
9715421
9715420
9715419
9715418
9715417
9715416
9715415
9715414
9715413
9715412
9715411
9715410
9715409
9715408
9715407
9715406
9715405
9715404
9715403
9715402
9715401
9715400
9715399
9715398
9715397
9715396
9715395
9715394
9641657
9641656
9641655
9641654
9641653
9641652
9641651
9641650
9641649
9641648
9641647
9641646
9641645
9641644
9641643
9641642
9641641
9641640
9641639
9641638
9641313
9641312
9641311
9641310
9641309
9641308
9641307
9641306
9641305
9641304
9641303
9641302
9641301
9641300
9641299
9641298
9641297
9641296
9641295
9572015
9570251
9570250
9570249
9570248
9570247
9570246
9570245
9570244
9570243
9570242
9570241
9570240
9570239
9570238
9570237
9570236
9570235
9570234
9570233
9504902
9504901
9504900
9504899
9504898
9504897
9504896
9504895
9504894
9504893
9504892
9504891
9504890
9504889
9504888
9504887
9504886
9504885
9504884
9484528
9430046
9430045
9430044
9430043
9430042
9430041
9430040
9430039
9430038
9430037
9430036
9430035
9430034
9430033
9430032
9430031
9407359
9407358
9407357
9407356
9407355
9407354
9407353
9407352
9407351
9407350
9407349
9407348
9407347
9407346
9407345
9407344
9407343
9407342
9407341
9407340
9407339
9407338
9407337
9407336
9407335
9407334
9407333
9407332
9407331
9407330
9407329
9407328
9407327
9407326
9407325
9407324
9407323
9407322
9340039
9304515
9304514
9304513
9304512
9304511
9304510
9304509
9304508
9304507
9257251
9257250
9257249
9257248
9257247
9257246
9257245
9257244
9257243
9257242
9257241
9257240
9257239
9257238
9257237
9257236
9195412
9195411
9195410
9195409
9195408
9195407
9195406
9195405
9195404
9195403
9195402
9195401
9195400
9195399
9195398
9195397
9195396
9195395
9195394
9195393
9195392
9195391
9195390
9195389
9195388
9195387
9195386
9195385
9195384
9195383
9195382
9195381
9195380
9195379
9195378
9195377
9195376
9195375
9195374
9195373
9195372
9195371
9195370
9195369
9195368
9195367
9195366
9195365
9195364
9142645
9142644
9142643
9142642
9142641
9142640
9142639
9142638
9142637
9142636
9142635
9142634
9142633
9083922
9083921
9083920
9083919
9083918
9083917
9083916
9083915
9083914
9083913
9083912
9083911
9083910
9083909
9083908
9076631
9076630
9076629
9076628
9076627
9076626
9076625
9076624
9076623
9076622
9076621
9076620
9076619
9076618
9076617
9076616
9076615
9076614
9034939
9034938
9034937
9034936
9034935
9034934
9034933
9034932
9034931
9034930
9034929
9034928
9034927
9081425
8985837
8985836
8985835
8985834
8985833
8985832
8985831
8985830
8985829
8985828
8985827
8985826
8985825
8985824
8985823
8985822
8985821
8985820
8985819
8985818
8985817
8985816
8985815
8985814
8912139
8912138
8912137
8912136
8912135
8912134
8912133
8912132
8912131
8912130
8912129
8912128
8912127
8912126
8912125
8912124
8912123
8912122
8889973
8889972
8889971
8889970
8889969
8889968
8889967
8889966
8889965
8889964
8889963
8889962
8889961
8889960
8889959
8889958
8889957
8889956
8998311
8872780
8872779
8872778
8872777
8872776
8872775
8872774
8872773
8872772
8872771
8872770
8872769
8872768
8872767
8872766
8872765
8872764
8840248
8840247
8840246
8840245
8840244
8840243
8840242
8840241
8840240
8840239
8840238
8840237
8840236
8840235
8840234
8840233
8840232
8792316
8792315
8792314
8792313
8792312
8792311
8792310
8792309
8792308
8792307
8792306
8792305
8792304
8792303
8792302
8792301
8924649
8743929
8743928
8743927
8743926
8743925
8743924
8743923
8743922
8743921
8743920
8743919
8743918
8743917
8743916
8743915
8743914
8743913
8743912
8713711
8713710
8713709
8713708
8713707
8713706
8713705
8713704
8713703
8713702
8713701
8713700
8713699
8713698
8713697
8713696
8713695
8742933
8742932
8742931
8742930
8742929
8742928
8742927
8742926
8742925
8742924
8742923
8742922
8742921
8742920
8742919
8742918
8742917
8742916
8742915
8742914
8672769
8672768
8672767
8672766
8672765
8672764
8672763
8672762
8672761
8672760
8672759
8672758
8672757
8672756
8672755
8672754
8672753
8672752
8954201
8914661
8672751
8672750
8672749
8672748
8672747
8672746
8672745
8672744
8672743
8672742
8672741
8672740
8672739
8672738
8672737
8672736
8672735
8580416
8580415
8580414
8580413
8580412
8580411
8580410
8580409
8580408
8580407
8580406
8580405
8580404
8580403
8963042
8963041
8963040
8963039
8963038
8963037
8963036
8963035
8963034
8963033
8963032
8963031
8963030
8963029
8963028
8963027
8963026
8963025
8963024
8963023
8527720
8527719
8527718
8527717
8527716
8527715
8527714
8527713
8527712
8527711
8527710
8527709
8527708
8527707
8527706
8527705
8527704
8527703
8527702
8527701
8527700
8527699
7548819
7548818
7548817
7548816
7548815
7548814
7548813
7548812
7548811
7548810
7548809
7548808
7548807
7548806
7548805
7548804
7548803
7548802
7548801
7548800
7548799
7548798
7548797
7548796
7787173
7787172
7787171
7787170
7787169
7787168
7787167
7787166
7787165
7787164
7787163
7787162
7787161
7787160
7787159
7787158
7787157
7787156
7787155
7787154
7540433
8595179
8595178
8595177
8589356
8589355
8589354
8589353
8589352
8589351
8589350
8589349
8589348
8589347
8589346
8589345
8589344
8589343
8589342
8589341
8589340
8589339
8589338
8589337
8589336
8589335
8589334
8589333
7620116
7620115
7620114
7620113
7620112
7620111
7620110
7620109
7620108
7620107
7620106
7620105
7620104
7620103
7620102
7620101
7620100
7620099
7620098
7620097
7620096
7542493
7542492
7865731
7865730
7865729
7865728
7865727
7865726
7865725
7865724
7865723
7865722
7865721
7865720
7865719
7865718
7865717
7865716
7865715
7865714
7865713
7865712
7865711
7865710
7865709
7532451
7532450
7532449
7532448
7827310
7827309
7827308
7827307
7827306
7827305
7827304
7827303
7827302
7827301
7827300
7827299
7827298
7827297
7827296
7827295
7827294
7827293
7827292
7827291
7827290
7530062
7530061
7948825
7948824
7948823
7948822
7948821
7948820
7948819
7948818
7948817
7948816
7948815
7948814
7948813
7948812
7524723
7524722
7524721
8054536
8054535
8054534
8054533
8054532
8054531
8054530
8054529
8054528
8054527
8054526
8054525
8054524
8054523
8054522
8054521
8054520
8054519
7519897
7519896
7519895
7519894
7519893
8003657
8003656
8003655
8003654
8003653
8003652
8003651
8003650
8003649
8003648
8003647
8003646
8003645
8003644
8003643
8003642
8003641
7516195
8155875
8155874
8155873
8155872
8155871
8155870
8155869
8155868
8155867
8155866
8155865
8155864
8155863
8155862
8155861
8155860
8155859
7881029
7881028
7881027
7881026
7881025
7881024
7881023
7881022
7881021
7881020
7881019
7881018
7881017
7881016
7881015
7881014
7881013
7881012
7881011
7881010
7881009
7533553
7533552
7512389
8280850
8280849
8280848
8280847
8280846
8280845
8280844
8280843
8280842
8280841
8280840
8280839
8280838
8280837
8280836
8280835
7904190
7506586
7506585
7506584
8219001
8219000
8218999
8218998
8218997
8218996
8218995
8218994
8218993
8218992
8218991
8218990
8218989
8218988
8218987
8105998
8105997
7693009
7693008
8397011
8397010
8374099
8374098
8374097
8374096
8374095
8374094
8374093
8374092
8374091
8374090
8374089
8374088
8374087
8374086
8374085
8104048
8518403
8518402
8518401
8518400
8518399
8518398
8518397
8518396
8518395
8518394
8390870
8390869
8390868
8100153
7686055
7686054
7686053
8471758
8471757
8471756
8471755
8471754
8471753
8471752
8471751
8471750
8471749
8471748
8386024
8386023
8386022
8097118
8439668
8439667
8439666
8439665
8439664
8439663
8439662
8439661
8439660
8439659
8439658
8439657
8439656
8382539
8382538
8382537
8103376
8094984
8094983
1486191
1486190
1486189
1486188
1486187
1486186
1486185
1486184
1362499
1362498
1336678
1336677
1283085
1283084
1283083
1391737
1391736
1391735
1391734
1391733
1391732
1391731
1391730
1391729
1391728
1391727
1391726
1382659
1382658
1382657
1382656
1382655
1327263
1327262
1515572
1515571
1515570
1515569
1515568
1515567
1515566
1515565
1515564
1515563
1515562
1515561
1515560
1515559
1515558
1515557
1515556
1387555
1381228
1355368
1325198
1325197
1611024
1611023
1611022
1611021
1611020
1611019
1611018
1611017
1611016
1611015
1611014
1611013
1611012
1611011
1535231
1535230
1535229
1377039
1377038
1351753
1319224
1319223
1319222
1319221
1571508
1571507
1571506
1571505
1571504
1571503
1571502
1571501
1571500
1571499
1571498
1571497
1571496
1571495
1571494
1373965
1373964
1315169
1315168
1315167
1315166
1315165
1315164
1623159
1543875
1543874
1543873
1543872
1543871
1543870
1543869
1543868
1543867
1543866
1543865
1543864
1543863
1543862
1531936
1371940
1311968
1311967
1311966
1782379
1782378
1782377
1782376
1782375
1782374
1782373
1782372
1782371
1782370
1782369
1782368
1782367
1782366
1685926
1664263
1664262
1932676
1932675
1932674
1932673
1932672
1932671
1932670
1932669
1932668
1932667
1932666
1932665
1932664
1932663
1834243
1681960
1657243
1657242
1912450
1912449
1912448
1912447
1912446
1912445
1912444
1912443
1912442
1912441
1912440
1912439
1717034
1655100
1655099
1912438
1912437
1912436
1912435
1912434
1912433
1912432
1912431
1912430
1717033
1680481
1655098
1655097
1655096
1912429
1912428
1912427
1912426
1912425
1912424
1912423
1912422
1912421
1912420
1912419
1912418
1912417
1912416
1912415
1912414
1909193
1883984
1883983
1883982
1883981
1883980
1883979
1883978
1883977
1883976
1883975
1883974
1883973
1883972
1883971
1751802
1751801
1751800
1751799
1751798
1751797
1751796
1721554
1684119
1661193
1661192
1661191
1653058
1653057
2129849
2129848
2129847
2129846
2129845
2129844
2129843
2129842
2129841
2129840
2129839
2129838
2129837
2129836
2129835
2129834
2129833
2129832
2129831
1966598
1966597
1966596
1966595
2129830
2129829
2129828
2129827
2129826
2129825
2129824
2129823
2129822
2129821
1966594
1966593
1966592
1717032
1717031
1717030
2129820
2129819
2129818
2129817
2129816
2129815
2129814
2129813
2129812
2129811
2129810
2129809
2129808
2129807
1966591
1966590
1966589
2129422
2103417
2103416
2103415
2103414
2103413
2103412
2103411
2103410
2103409
2103408
2103407
2103406
2103405
2103404
2103403
2103402
1966483
1966482
1966481
1966480
2151729
2103401
2103400
2103399
2103398
2103397
2103396
2103395
2103394
2103393
2103392
2103391
2103390
2103389
1966479
1966478
2129421
2103425
2103424
2103423
2103422
2103421
2103420
2103419
2103418
2103388
2103387
2103386
2103385
2103384
2103383
2103382
2103381
2103380
1966485
1966484
1966477
1966271
1715779
1715778
2562354
2562353
2535241
2491228
2491227
2491226
2491225
2491224
2491223
2491222
2491221
2491220
2491219
2491218
2562352
2562351
2518807
2491217
2491216
2491215
2491214
2491213
2491212
2491211
2491210
2491209
2491208
2491207
2485010
2562350
2535240
2535239
2518806
2491206
2491205
2491204
2491203
2491202
2491201
2485009
2577472
2562348
2518804
2491155
2491154
2491153
2491152
2491151
2491150
2491149
2491148
2485007
2562334
2562333
2562332
2535228
2518792
2518791
2518790
2490911
2490910
2490909
2490908
2490907
2577505
2577478
2577465
2577464
2562393
2562392
2562391
2562365
2562339
2562338
2519101
2519100
2519099
2519098
2519097
2519096
2519095
2519094
2519093
2519092
2519091
2519090
2519089
2519088
2519087
2519086
2519085
2519084
2519083
2519082
2519081
2519080
2519079
2519078
2519077
2519076
2519075
2519074
2519073
2519072
2519071
2519070
2519069
2519068
2519067
2519066
2519065
2519064
2519063
2519062
2519061
2519060
2519059
2519058
2519057
2519056
2519055
2519054
2519053
2519052
2519051
2519050
2519049
2519048
2519047
2519046
2519045
2519044
2519043
2519042
2519041
2519040
2519039
2519038
2519037
2519036
2519035
2519034
2519033
2519032
2519031
2519030
2519029
2519028
2519027
2519026
2519025
2519024
2519023
2519022
2519021
2519020
2491364
2491363
2491362
2491361
2491360
2491359
2491358
2491357
2491356
2490947
2490946
2490945
2490944
2490943
2490942
2490941
2490940
2490939
2490938
2490937
2490936
2490935
2490934
2490933
2485005
