31261247
31261246
31261245
31261244
31259789
31259788
31259787
31246682
31232887
31232886
31232885
31232884
31232829
31232828
31219936
31219935
31219934
31219933
31211766
31211765
31211764
31211763
31211762
31181021
31181020
31181019
31181018
31181017
31169666
31169665
31169664
31169663
31169662
31169661
31169660
31169659
31169658
31169657
31169656
31149939
31149938
31149937
31136564
31136563
31136562
31136561
31124991
31124990
31124989
31124988
31124987
31124889
31124888
31124887
31124886
31107799
31107798
31107797
31107796
31107795
31107794
31107793
31107792
31107408
31107407
31107406
31107405
31095092
31095091
31058782
31058781
31058780
31058779
31058778
31058777
31058776
31058775
31058774
31058773
31058772
31058771
31058770
31058769
31058718
31033623
31022096
31022095
31022094
31022093
31022092
30985443
30985442
30964823
30964822
30964821
30964820
30964819
30964818
30964817
30921262
30921261
30921260
30921259
30921258
30921257
30921256
30921255
30921254
30921253
30921252
30908389
30908388
30908387
30908386
30908385
30908384
30908383
30908382
30897605
30896609
30896608
30896607
30896606
30889138
30889137
30889136
30889135
30889134
30889133
30889132
30889131
30889130
30889129
30889128
30889127
30889126
30889125
30889124
30889123
30889122
30889121
30889120
30888340
30801396
30801395
30801394
30801393
30801392
30789865
30789864
30789863
30789861
30768540
30768539
30747817
30747816
30747815
30747814
30747813
30747811
30747810
30724797
30724796
30724795
30724794
30724793
30720563
30676526
30676525
30676524
30676523
30676522
30676521
30676520
30676519
30672770
30672769
30672768
30672767
30664572
30664571
30664570
30664568
30664567
30664566
30664565
30664564
30664563
30664562
30664561
30664560
30640866
30640865
30640864
30640271
30633110
30633109
30633108
30633107
30633106
30633105
30628989
30628988
30628987
30628986
30628985
30628984
30628983
30628982
30628981
30614955
30614954
30614953
30614952
30614951
30601795
30601368
30601367
30601366
30601365
30601364
30589726
30589725
30586015
30586014
30586013
30586012
30585892
30585891
30585890
30562313
30562312
30562311
30562310
30562309
30562308
30562307
30562306
30540713
30540712
30540711
30540710
30540709
30540708
30540707
30540706
30540705
30540704
30499888
30499887
30499886
30499885
30499884
30499883
30499882
30499881
30444836
30444835
30444834
30418416
30418415
30418414
30418413
30418412
30418411
30418410
30418409
30418408
30383579
30371545
30363044
30363043
30358742
30358741
30358740
30358739
30358738
30358737
30334933
30334932
30334931
30334930
30334929
30334928
30320672
30320671
30320670
30320669
30320668
30320667
30320666
30320665
30320664
30289822
30289821
30289820
30256267
30256266
30247427
30247426
30247425
30247424
30247423
30247422
30239490
30239489
30239488
30239487
30239486
30234762
30234761
30234760
30234759
30234758
30234757
30234756
30234702
30216204
30216203
30212423
30211847
30211846
30211845
30211844
30211843
30211842
30211841
30169455
30169454
30169453
30134332
30134331
30134330
30130312
30130311
30119101
30119100
30119099
30119098
30095579
30095578
30095577
30095576
30095575
30095574
30074579
30074578
30074577
30074576
30074575
30074574
30074573
30067543
30063586
30063585
30063584
30063583
30063582
30052573
30052572
30052571
30052570
30052569
30052568
30052567
30052566
30052565
30052564
30052563
30044358
30044357
30044356
30044307
30028829
30028828
30028827
30024862
29985879
29985878
29985877
29985876
29985875
29985874
29985873
29985872
29958254
29958253
29952830
29952829
29952828
29952827
29927874
29927873
29927872
29927866
29927865
29927864
29927863
29927862
29927861
29916953
29916952
29916951
29916950
29916949
29916948
29912033
29901558
29901557
29901556
29901555
29901554
29901553
29901552
29901551
29901550
29901549
29901548
29901547
29901546
29877900
29851771
29851770
29851769
29851768
29851767
29851766
29851765
29851764
29851763
29851762
29851761
29851760
29851759
29851758
29787518
29787456
29762384
29762383
29762382
29762381
29762380
29762379
29762378
29762377
29762376
29762375
29762374
29762373
29762372
29762371
29762370
29762369
29762368
29762367
29762366
29762193
29762192
29762191
29746346
29746345
29746343
29746342
29746341
29746340
29746339
29738346
29738345
29727438
29727437
29727436
29727435
29697552
29697551
29697550
29697549
29697548
29697488
29697487
29689000
29688999
29668570
29668569
29668568
29668567
29652729
29652728
29652727
29642117
29620603
29620602
29620601
29620600
29620599
29620598
29620597
29620596
29620595
29620594
29613921
29601443
29601442
29601441
29601440
29601439
29601438
29601437
29601436
29601435
29601434
29601433
29596190
29596189
29596188
29596187
29596186
29596185
29596184
29596183
29596182
29596181
29596180
29596179
29596178
29596177
29596176
29596175
29596174
29596173
29596172
29596171
29596170
29596169
29596168
29596167
29596166
29596165
29596164
29596163
29596162
29596161
29596160
29570560
29570559
29570558
29570557
29570556
29570555
29570554
29570149
29570148
29570147
29570140
29570139
29543699
29543698
29543697
29543696
29543695
29543694
29509636
29509635
29509634
29509633
29509632
29509631
29509630
29481443
29481442
29481441
29470325
29470324
29470323
29470322
29470321
29470320
29470319
29470297
29470296
29470295
29470294
29470293
29470292
29470291
29470290
29470289
29470288
29470287
29470286
29470285
29470284
29470283
29470282
29432280
29432279
29401085
29401084
29401083
29394217
29394216
29394215
29394214
29394213
29394212
29384890
29384838
29373442
29373441
29373440
29373439
29373437
29369848
29369847
29369846
29356772
29356771
29356770
29356769
29356768
29356767
29356766
29356765
29356764
29341981
29341980
29341979
29334565
29324477
29315163
29315162
29315161
29287018
29287017
29287016
29287015
29287014
29287013
29287012
29287011
29287010
29287009
29287008
29287007
29287006
29287005
29287004
29287003
29280782
29261530
29261529
29261528
29261527
29240011
29240010
29240009
29216023
29216022
29216021
29216020
29216019
29210923
29210922
29210921
29210920
29210919
29176494
29176478
29176477
29176476
29176475
29176474
29176473
29176472
29135824
29135823
29135822
29135821
29135820
29135819
29135818
29112090
29112089
29112088
29112087
29112086
29112085
29112084
29112083
29112082
29095353
29095352
29095351
29095350
29095349
29095348
29095347
29095346
29077649
29077648
29077647
29077646
29077645
29077644
29077643
29077642
29072581
29064932
29064931
29064930
29064929
29064928
29064927
29064926
29059122
29045354
29045353
29045352
29045351
29045350
29045349
29045348
29045347
29045346
29036010
29036008
29036007
29019855
29019854
29019853
28991840
28991839
28991838
28991837
28991836
28991835
28981449
28968291
28968290
28968289
28957985
28957984
28953535
28953534
28953533
28953532
28953531
28953530
28953529
28953528
28953527
28953526
28953525
28953524
28953523
28945209
28945208
28945207
28945206
28945205
28937552
28937551
28937550
28937543
28937542
28937541
28937540
28937539
28937538
28922262
28922261
28922260
28922259
28922258
28922257
28906321
28906320
28906319
28906318
28906317
28906316
28906315
28902093
28902092
28902091
28891832
28891831
28837514
28837513
28837511
28837510
28837509
28837508
28837507
28837506
28837505
28832362
28829343
28829342
28829341
28827481
28827480
28825776
28825603
28820758
28806298
28806297
28806296
28806295
28800026
28800025
28777126
28777125
28753190
28753189
28753188
28753187
28753186
28753185
28753184
28753183
28753182
28753181
28753180
28753179
28753178
28753177
28753176
28753175
28742722
28742721
28742720
28742719
28738401
28737572
28737571
28737570
28737569
28737568
28727657
28727656
28727655
28727654
28727653
28704225
28691976
28691975
28691974
28657925
28657924
28657923
28644370
28644369
28644368
28644367
28644366
28644365
28644364
28644363
28644362
28644361
28644360
28644359
28644358
28644357
28644356
28644355
28644354
28644353
28644352
28644351
28644350
28644349
28644348
28644347
28644346
28644345
28644344
28644343
28644342
28644341
28628545
28614114
28614113
28604516
28604515
28604514
28604513
28604512
28604511
28604510
28604509
28582312
28574971
28574970
28574969
28562523
28562522
28562521
28556787
28556785
28542044
28542043
28541262
28541261
28541260
28541259
28538523
28514243
28505051
28505050
28505049
28505048
28489675
28489674
28489672
28489671
28489670
28471913
28471911
28452835
28437326
28437325
28437324
28437323
28437322
28425922
28422812
28422809
28422808
28403035
28403034
28394847
28394846
28379925
28379924
28379923
28362695
28362694
28362691
28362690
28353469
28353468
28333827
28333826
28333825
28333772
28333771
28333770
28333769
28333768
28333767
28333766
28319607
28319606
28319605
28319604
28319603
28319601
28319600
28272161
28272159
28267075
28267074
28267073
28267072
28248796
28248795
28248794
28248793
28248210
28248209
28248208
28231076
28231075
28231074
28231073
28231072
28231071
28231070
28230610
28230609
28230608
28230607
28230606
28207476
28207475
28207474
28181921
28169975
28169974
28169973
28169971
28151769
28151768
28151767
28141681
28141680
28141679
28141677
28141676
28121648
28118292
28118290
28118289
28114246
28114245
28114244
28112686
28107290
28107288
28107287
28107286
28107285
28107284
28107283
28107282
28079729
28079601
28060195
28055990
28045784
28045777
28045776
28045775
28045774
28045773
28045772
28045771
28045770
28045769
28045768
28045767
28030425
28027217
28027216
28027215
28027214
28005582
27984349
27984348
27984347
27977546
27977545
27977544
27941406
27906804
27906802
27906801
27906800
27906799
27906798
27906796
27880742
27875505
27875504
27875503
27875502
27875488
27861204
27861203
27846076
27846068
27846067
27846066
27846065
27846064
27820755
27811623
27811622
27801753
27801752
27801751
27801750
27782962
27782961
27782960
27782959
27782958
27782957
27768651
27768650
27579697
27579693
27574881
27574880
27540710
27540707
27526059
27526058
27496797
27379432
27352080
27347723
27347722
27331656
27280749
27280748
27243422
27168455
27128208
27111342
27050045
27035376
27031374
27027904
26982745
26960174
25611034
25187107
27755345
27755344
27755343
27755342
27755341
27749614
27749613
27749612
27749611
27749610
27749391
27749390
27749389
27741063
27741062
27741061
27741059
27682357
27673710
27673709
27668654
27657882
27642782
27642781
27642780
27632432
27632431
27622900
27622899
27622898
27602705
27602704
27602703
27602702
27602701
27579696
27579695
27579694
27579692
27574885
27574884
27574882
27557428
27557427
27557426
27551979
27548252
27548251
27548250
27548249
27548248
27548247
27548246
27540711
27540709
27540708
27513697
27513696
27513695
27504815
27504814
27504813
27504812
27496800
27496799
27496798
27482768
27482767
27482766
27482764
27482763
27478897
27478896
27472479
27472478
27472477
27472476
27472474
27472473
27467201
27467112
27467111
27467110
27457779
27457778
27457777
27437930
27437929
27437928
27437927
27429361
27429428
27429427
27429426
27429425
27429423
27409067
27403610
27403609
27403608
27380601
27380600
27380599
27380598
27380597
27380596
27380595
27380594
27380593
27380592
27380591
27380590
27379434
27377833
27367789
27367788
27347721
27347720
27347719
27336593
27336592
27322560
27322559
27322558
27306106
27306105
27306104
27299424
27299423
27299422
27299421
27280747
27276436
27276435
27276434
27276433
27276432
27276431
27276430
27271525
27262137
27253663
27253662
27253661
27253660
27243423
27243421
27243420
27219206
27213250
27213249
27203398
27203397
27182626
27159210
27159209
27159208
27149256
27149255
27149254
27149253
27149252
27128207
27111347
27111346
27111345
27111344
27111343
27111341
27111340
27111227
27101540
27101539
27101538
27101537
27101536
27082102
27070657
27070656
27070655
27050058
27050057
27050056
27050055
27050054
27050053
27050052
27050051
27050050
27050049
27050048
27050047
27050046
27035381
27035380
27035379
27035378
27035377
27035374
27035372
27035371
27031373
27027906
27027905
27027903
27019409
27010402
27010401
27007401
27007400
27007399
27007398
27007228
26998927
26974416
26974415
26967825
26967824
26967823
26963940
26963939
26963938
26960176
26960173
26960172
26960171
26950002
26933801
26933800
26933799
26925610
26925609
26925608
26913758
26913757
26913756
26913755
26910645
26910458
26907227
26890885
26881413
26881412
26863387
26863386
26863385
26863384
26863383
26859094
26859093
26859092
26859091
26859090
26859089
26859088
26859087
26854655
26854654
26835909
26835908
26835907
26835906
26835905
26835904
26835903
26835902
26835901
26825770
26825769
26825768
26825767
26825766
26825765
26825764
26825763
26815017
26799281
26799280
26799279
26794491
26794490
26794320
26790156
26771769
26771768
26756878
26756877
26756876
26756875
26756874
26756873
26756872
26741949
26727658
26727657
26727656
26720769
26720768
26720767
26720766
26720765
26709910
26709909
26704866
26704865
26704864
26704863
26704862
26704669
26704668
26690865
26690864
26690863
26670710
26655947
26655946
26655945
26655944
26655943
26655942
26655941
26655940
26655939
26655938
26655937
26655936
26655935
26650105
26650104
26650103
26650102
26636498
26628450
26628449
26628448
26628447
26628446
26628445
26628444
26628443
26628442
26628441
26628440
26628439
26595853
26595852
26594833
26594832
26594831
26594830
26594829
26594828
26583484
26583483
26551319
26551318
26551317
26545204
26545203
26545202
26529347
26529346
26529345
26513623
26513622
26513621
26513620
26513619
26513618
26513617
26505963
26505962
26505961
26505960
26502163
26488125
26488124
26488123
26488122
26488121
26488119
26488118
26485608
26485607
26485606
26485605
26485604
26465799
26465798
26465797
26465796
26465795
26465794
26465793
26465792
26465791
26465790
26465789
26426434
26422097
26422096
26422095
26422094
26422093
26422092
26418214
26418213
26418212
26418211
26418210
26418209
26402371
26402370
26398155
26398154
26398153
26381819
26381818
26360661
26360660
26360659
26360658
26352361
26348686
26348685
26348684
26348683
26334258
26334257
26334256
26334255
26334254
26327212
26327211
26327210
26322559
26317680
26308325
26308324
26308323
26308322
26308321
26308320
26308319
26308318
26308317
26308316
26308315
26308314
26308313
26308312
26301618
26301617
26301616
26301615
26296005
26296004
26296003
26296002
26296001
26296000
26295999
26295998
26295997
26295996
26295995
26295994
26284542
26284541
26284540
26284539
26252925
26252924
26252923
26252922
26252921
26252920
26252919
26252918
26252917
26252916
26252915
26252914
26237373
26237372
26237371
26230905
26230904
26230903
26230902
26230901
26230900
26222659
26222658
26200909
26196206
26196204
26196203
26196202
26196201
26196200
26196199
26196198
26192702
26192701
26192700
26192699
26192698
26192697
26164846
26154031
26154030
26154029
26147631
26147630
26147629
26147628
26147627
26121349
26121348
26121347
26121346
26121345
26121344
26115432
26115431
26114503
26111300
26111299
26111298
26111297
26111296
26111294
26111293
26111228
26111227
26102172
26053592
26049784
26049783
26049782
26039942
26039941
26029866
26020482
26020481
26020480
26020375
26020374
26020373
26020371
26020370
26000888
26000887
26000886
25996794
25996793
25996792
25988564
25988563
25988562
25988561
25988560
25988559
25988558
25988557
25988556
25988555
25988554
25988553
25950089
25950088
25944221
25944220
25944219
25944218
25944217
25944215
25944214
25944213
25915425
25909866
25909865
25909864
25909863
25906455
25906454
25905546
25905545
25905544
25905543
25905542
25885882
25885881
25885880
25885879
25885878
25883061
25883060
25883059
25883058
25883057
25883056
25859826
25859825
25859824
25859823
25844712
25844711
25844710
25844709
25844708
25844707
25844706
25844704
25825855
25825854
25825853
25825852
25825851
25822777
25822776
25822775
25822774
25822773
25806678
25806677
25806676
25806675
25793907
25793906
25793905
25793904
25793903
25793902
25782661
25782660
25782659
25782658
25782657
25749464
25749463
25742196
25729891
25729890
25729889
25729888
25729887
25729886
25714586
25714585
25714584
25714583
25714582
25714581
25714580
25714579
25714578
25714577
25714576
25714575
25714574
25714573
25714572
25710823
25710719
25710718
25710717
25710716
25699593
25699592
25688481
25688480
25688479
25688478
25658059
25658058
25658057
25658056
25651490
25651489
25651488
25651487
25651486
25651485
25643022
25643021
25643020
25643019
25643018
25643017
25633498
25633497
25633496
25633495
25625580
25625579
25625578
25625577
25625576
25625575
25611037
25611036
25611035
25611033
25611032
25611031
25611030
25611029
25611028
25611027
25594875
25591123
25564823
25564822
25564821
25564820
25564819
25564818
25564817
25564816
25564815
25564814
25564813
25564812
25564811
25564810
25564809
25564808
25564807
25564806
25564805
25564804
25564803
25564802
25564801
25546337
25546336
25539196
25539195
25539194
25539193
25539192
25539191
25536329
25536328
25534777
25534776
25522310
25522309
25522308
25522307
25514620
25514619
25493349
25493348
25493347
25493346
25493344
25493343
25438025
25419681
25419680
25419679
25419678
25419597
25419596
25419595
25419594
25406528
25406527
25406526
25406525
25406524
25406523
25383787
25383786
25383785
25383784
25373865
25373864
25373863
25373862
25373861
25373860
25373859
25373858
25373857
26881497
25347161
25347160
25347159
25341025
25340975
25340974
25313851
25313850
25313849
25313848
25304892
25304891
25304890
25304889
25286064
25286063
25272324
25272323
25272321
25272320
25254298
25254297
25254296
25250685
25250684
25250683
25250681
25250680
25250621
25238121
25238120
25238119
25238118
25222812
25222811
25222810
25222809
25222808
25222807
25222806
25222805
25222804
25222803
25222802
25221937
25221936
25221935
25221934
25221933
25207478
25207477
25207476
25207475
25207474
25207473
25199039
25199038
25199037
25199036
25199035
25187108
25187106
25187105
25187104
25187103
25171319
25162366
25162365
25162364
25162363
25162362
25162361
25144778
25144777
25141232
25141230
25141229
25141228
25121521
25111225
25111224
25111223
25111222
25111221
25111220
25079485
25079484
25079483
25079482
25079481
25079480
25079479
25079478
25079477
25061719
25061718
25061717
25061716
25050848
25050847
25025601
25023587
25023586
25023585
25023584
25023582
25023581
25023580
25023579
25023578
25023577
25023576
25023444
25003374
25003373
25003372
25000356
25000355
25000354
25000353
25000352
25000351
25000350
24979662
24979661
24979480
24979479
24979478
24979477
24979476
24979475
24979319
24979318
24979317
24979198
24979197
24979196
24979195
24979194
24979193
24979192
24979191
24979190
24941961
24941960
24941958
24918984
24918983
24918982
24918981
24918980
24918979
24918978
24918977
24897170
24897169
24897168
24897167
24897166
24897165
24897164
24886992
24886991
24866784
24866783
24866782
24866781
24866780
24858053
24854897
24840515
24840514
24840513
24840512
24840511
24824362
24824361
24824360
24821538
24821537
24821536
24821535
24813535
24813534
24813533
24813532
24806837
24806836
24806835
24796805
24796804
24796803
24796802
24796801
24796800
24796799
24795982
24795980
24792634
24792633
24792632
24792631
24792630
24792629
24792628
24792627
24792626
24792625
24787093
24787092
24762458
24762457
24762456
24762455
24762454
24762453
24762452
24739189
24732027
24732026
24732025
24709830
24709829
24709828
24709827
24709826
24709825
24691402
24691401
24691400
26376159
24667868
24667867
24667866
24667865
24663036
24663035
24663034
24663033
24647336
24647335
24647334
24647333
24637966
24637965
24625969
24625968
24625967
24625966
24614142
24614141
24614127
24614126
24614125
24614124
24614123
24614122
24590222
24590221
24590220
24590219
24590218
24590217
24590216
24590215
24590214
24590213
24590212
24590211
24590210
24590209
24590208
24590207
24572594
24572593
24556755
24556754
24553474
24553473
24552676
24552675
24552674
24552673
24517917
24517916
24509307
24509306
24509305
24509304
24509303
24509302
24509301
24509300
24464230
24464229
24464228
24464227
24464149
24464148
24464147
24464146
24458219
24458218
24458217
24445505
24445504
24399213
24399212
24399211
24399210
26332687
24385077
24385023
24385022
24385021
24385020
24378575
24378523
24378522
24378521
24378520
24368315
24361905
24361904
24361903
24356023
24345846
24345845
24345844
24345843
24345842
24345841
24345840
24345839
24345838
24345837
24345836
24345835
24345834
24345831
24345830
24345829
24345828
24345827
24345826
24343281
24343280
24280993
24280992
24280991
24280990
24280989
24253369
24253368
24253367
24253366
24253365
24253364
24253363
24253362
24231645
24231644
24231643
24231642
24231641
24231640
24231639
24177787
24177786
24177785
24177784
24177783
24172586
24172585
24164906
24164905
24164904
24164903
24164902
24157450
24157449
24157448
24157447
24157446
24157445
24145622
24145621
24145620
24145619
24145618
24141259
24135984
24135983
24135982
24135981
24135980
24135979
24126834
24126833
24126832
24126831
24126830
24126829
24121152
24121151
24121150
24121149
24121148
24121147
24121146
24121145
24121144
24121143
24121142
24121141
24121140
24084374
24084373
24084372
24084371
24084370
24080754
24051486
24051485
24051484
24051483
24051482
24051481
24051480
24048170
24048169
24048168
24048167
24048166
24048165
24048164
24048163
24048162
24048161
23974064
23974063
23974062
23974061
23974060
23974059
23974058
23969542
23969541
23969540
23969539
23969538
23969537
23969536
23969535
23969534
23969533
23969532
23961548
23961546
23961545
23961544
23945314
23945313
23942007
23942006
23942005
23942004
23942003
23942002
23942001
23942000
23941999
23941997
23880630
23880629
23880628
23880627
23880626
23880625
23880624
23880623
23863329
23863328
23863327
23863326
23863325
23863324
23857343
23857342
23857341
23857340
23857339
23857338
23841120
23838823
23838822
23838821
23838820
23838819
23838818
23838817
23820407
23820406
23820404
23820403
23820402
23820401
23820400
23820399
23799458
23799457
23799456
23799455
23799454
23799453
23783025
23783024
23783023
23783022
23783021
23783020
23783019
23783018
23783017
23783016
23783015
23783014
23783013
23783012
23783011
23783010
23783009
23783008
23760230
23760229
23760227
23752082
23752081
23752080
23752079
23752078
23752077
23752076
23752075
23752074
23752073
23708640
23708639
23708638
23698025
23698024
23698023
23698022
23698021
23689265
23689264
23689263
23689262
23689261
23676445
23676444
23666459
23666458
23666457
23666456
23648792
23648791
23648790
23648789
23648788
23645296
23636179
23620881
23619030
23619029
23609896
23609895
23591912
23591911
23591910
23591909
23575304
23575303
23575302
23575301
23575300
23575299
23575298
23575297
23568051
23568050
23568049
23568048
23549327
23549326
23549325
23542823
23539049
23539048
23539047
23539046
23539045
23535766
23535765
23535764
23535763
23535762
23535761
23535760
23535759
23531481
23531480
23518493
23518492
23518491
23518490
23518489
23518488
23518487
23518486
23518485
23518484
23492736
23492735
23478422
23471182
23459320
23459319
23459318
23459317
23443063
23443062
23439301
23434875
23412540
23412539
23412538
23403446
23403445
23403444
23403443
23403442
23403441
23403440
23403439
23403438
23403437
23364246
23364245
23364244
23343940
23343939
23343938
23343937
23343936
23343935
23343934
23343933
23343932
23328456
23328455
23328454
23325443
23325442
23325441
23325440
23325439
23325438
23319083
23319082
23287808
23287807
23287806
23287805
23287804
23287803
23282941
23263534
23263533
23263532
23263531
23274343
23274342
23274341
23274340
23274339
23263590
23263589
23254448
23254447
23254446
23254445
23254444
23254443
23254442
23254441
23232326
23232325
23221995
23221994
23201712
23201711
23201710
23201709
23201708
23201707
23201706
23201705
23201704
23201703
23201702
23201701
23201700
23201699
23187308
23164759
23164758
23154483
23149808
23149807
23135341
23132167
23132166
23132165
23132164
23132163
23114472
23114471
23114470
23111766
23111765
23111764
23111763
23103658
23103657
23103656
23103655
23103654
23103653
23103652
23103651
23103650
23103649
23103648
23103647
23103646
23103645
23103644
23103643
23103642
23103641
23085895
23085894
23085893
23085892
23085891
23085890
23059651
23059650
23059649
23059648
23059647
23059646
23059645
23059644
23059643
23059642
23059641
23025004
23013930
23007308
22995868
22995867
22995866
22995865
22986371
22986370
22983381
22983380
22983379
22983378
22983377
22983376
22983375
22983373
22983372
22983371
22983370
22955451
22955450
22925921
22925920
22922376
22922375
22922374
22922373
22922372
22922371
22922333
22903012
22903011
22903008
22903007
22903006
22874428
22868686
22868685
22847466
22847465
22847464
22847463
22847462
22847461
22847460
22832512
22832511
22832510
22832509
22820123
22820122
22820121
22790901
22785419
22785418
22785417
22785416
22785415
22785414
22785413
22785412
22773062
22773061
22773060
22744195
22744194
22744193
22744192
22744191
22744190
22744189
22744188
22732897
22732896
22732895
22722682
22722681
22722680
22722679
22711055
22711003
22711002
22711001
22711000
22710999
22710998
22699840
22699839
22699838
22699837
22699836
22699835
22699834
22695043
22695042
22695041
22695040
22695039
22688563
22688562
22688509
22688508
22688507
22684351
22684350
22684349
22684348
22684347
22684346
22659890
22659889
22659888
22644471
22644470
22644469
22644468
22644467
22644466
22644465
22644464
22644463
22614114
22614113
22614112
22614111
22614110
22614109
22614108
22595974
22595973
22588600
22588599
22588598
22584748
22584747
22584746
22576672
22569527
22569526
22569525
22569524
22543436
22543435
22516865
22516864
22516863
22516862
22516861
22513710
22487952
22487951
22487950
22470932
22465935
22465934
22465933
22465932
22450147
22450042
22441677
22437478
22437477
22437476
22437475
22437474
22437473
22437472
22437471
22437470
22437469
22437468
22411271
22411270
22411269
22411268
22411267
22395191
22395190
22395189
22395188
22395187
22395186
22383030
22383029
22383028
22383027
22383026
22367341
22367340
22367339
22367338
22367337
22367336
22367335
22367334
22367333
22357122
22357121
22357120
22357119
22357118
22357117
22357116
22343914
22343913
22343912
22343911
22343910
22343909
22343908
22343907
22343835
22331020
22331019
22331018
22331016
22331015
22331014
22331013
22314396
22314395
22314394
22314393
22314392
22314391
22302150
22270042
22270041
22270040
22266489
22266488
22266487
22266486
22258291
22258290
22258289
22249807
22249806
22249805
22241513
22241512
22241511
22241510
22241509
22241508
22241507
22235481
22235480
22235479
22235478
22235477
22235476
22235475
22235474
22235473
22235472
22235471
22235470
22235469
22235468
22235467
22235465
22235463
22235462
22235461
22235460
22235459
22235458
22235457
22235456
22235455
22235454
22235453
22235452
22235451
22235450
22235449
22235448
22235447
22235446
22235445
22228079
22228078
22228077
22228076
22228004
22228003
22228002
22228001
22228000
22227999
22210413
22197950
22197949
22197947
22197946
22197945
22197944
22197943
22197942
22197941
22197940
22197939
22197938
22197937
22197936
22197856
22197855
22197854
22197853
22193181
22193179
22193178
22173302
22167021
22167020
22167019
22167018
22167017
22167016
22167015
22167014
22167013
22167012
22157929
22157928
22157927
22157926
22157924
22157923
22157922
22157921
22113053
22142986
22134554
22134553
22134552
22134551
22134550
22134497
22134496
22124309
22124308
22108340
22108339
22108337
22094903
22094902
22094901
22094900
22094899
22094898
22094897
22094896
22094895
22094894
22067113
22067112
22064633
22064632
22064631
22064630
22027567
22027566
22027564
22020559
22020541
22020540
22020539
22020538
22008958
22008957
22008956
22008955
22008954
22002482
22002481
22002480
22002479
22002478
21975965
21975964
21975963
21975962
21975961
21975959
21970999
21970998
21970997
21970996
21970995
21970994
21970993
21970992
21970991
21946837
21946836
21946835
21946834
21946833
21946832
21921813
21921812
21921811
21921810
21921809
21921808
21921807
21900831
21900830
21886008
21886007
21873896
21873895
21873894
21873893
21873892
21873891
21866059
21866058
21866057
21866056
21866055
21865982
21865981
21865980
21865979
21865978
21865977
21865976
21865975
21865974
21865973
21865972
21865971
21865970
21865969
21865968
21857252
21857251
21857250
21857249
21857248
21857247
21857246
21857245
21857244
21857243
21832955
21832954
21832953
21832952
21832951
21832950
21832949
21832948
21832947
21832946
21832945
21832944
21822150
21822149
21788915
21788914
21788913
21788912
21788771
21788770
21788769
21788768
21788767
21788766
21788765
21788764
21788763
21788762
21788761
21788760
21788759
21788758
21788757
21788756
21788755
21788754
21788753
21788752
21768884
21768883
21768882
21760548
21760547
21760546
21760545
21760543
21760542
21760541
21734604
21734603
21734601
21734600
21734599
21716135
21716134
21716133
21716132
21716131
21716130
21701408
21701407
21701406
21701404
21701403
21701402
21697745
21697744
21697743
21697742
21694639
21694638
21694637
21694636
21694635
21694634
21694633
21694632
21694552
21694551
21694550
21694549
21694548
21694546
21694545
21694544
21694543
21694542
21694541
21694540
21694539
21694538
21694537
21694536
21694535
21694534
21694533
21694532
21694531
21694530
21691225
21691224
21691223
21691222
21681116
21681115
21681114
21681113
21681112
21681111
21681110
21681109
21670712
21670711
21670710
21666503
21637131
21637130
21637129
21637128
21637127
21629128
21629127
21629126
21617560
21613965
21613964
21613963
21613962
21602717
21597403
21593657
21593656
21593654
21593652
21593651
21593650
21593649
21593648
21593647
21593646
21593645
21593644
21593643
21593642
21593641
21593640
21593639
21593638
21587080
21572343
21572342
21558964
21555958
21546856
21543999
21543998
21543997
21519284
21519283
21519282
21519281
21499050
21499049
21499048
21499047
21499046
21499045
21499044
21499043
21499042
21499041
21499040
21499039
21499038
21499037
21499036
21499035
21499034
21499033
21505367
21505366
21505365
21505364
21505363
21505362
21505361
21502834
21502833
21502832
21502831
21502830
21502829
21502828
21502827
21502826
21502825
21502824
21502823
21478761
21478760
21478759
21478758
21478757
21478756
21478755
21464761
21464760
21464759
21464758
21464757
21464756
21464755
21464754
21464753
21464752
21464751
21464750
21464749
21464748
21415675
21415674
21415673
21415672
21415671
21415670
21407118
21407117
21407116
21407115
21407114
21407113
21407112
21407111
21407110
21407109
21407108
21407107
21407106
21407105
21407104
21407103
21336163
21336162
21336161
21336160
21336159
21336158
21336157
21336156
21336059
21297509
21297508
21297507
21297506
21297505
21297504
21240026
21240025
21240024
21240023
21240022
21240021
21240020
21240019
21240018
21240017
21240016
21240015
21240014
21240013
21240012
21240011
21240010
21240009
21206383
21206382
21206381
21206380
21206379
21206378
21164308
21164306
21150656
21150655
21150654
21150653
21150652
21150651
21150650
21150649
21150648
21150647
21119544
21119543
21119542
21119541
21119540
21119539
21119538
21119537
21119536
21088544
21088543
21088542
21088541
21088540
21088539
21088538
21088537
21088536
21088535
21088534
21088533
21088532
21088531
21088530
21088529
21088528
21088527
21076341
21076340
21057330
21057329
21057328
21057327
21057326
21057325
20978421
20978420
20975583
20975582
20975581
20975580
20975579
20975578
20948448
20948447
20948446
20948445
20890223
20890222
20890221
20890220
20890219
20890218
20890217
20890216
20890215
20890214
20890213
20890212
20871416
20871415
20871414
20871413
20871412
20871256
20739870
20818270
20818269
20818268
20818267
20818266
20818265
20818264
20818263
20808251
20808250
20808249
20808248
20808247
20808246
20808245
20808244
20808243
20808181
20808180
20706154
20706153
20706152
20706151
20706150
20706149
20706148
20706147
20706146
20706145
20683207
20683206
20683205
20683204
20683203
20683202
20683201
20683200
20683199
20661081
20661080
20639778
20639777
20639776
20639775
20639774
20639773
20639772
20639771
20639770
20639769
20639717
20639716
20639715
20639714
20639713
20639712
20639711
20639710
20639709
20639708
20639707
20639706
20639705
20639704
20639703
20639702
20601910
20601909
20601908
20601907
20601906
20601905
20601904
20601903
20601902
20601901
20601900
20601899
20562726
20562725
20562724
20562723
20562722
20562721
20562720
20562719
20562718
20562717
20543725
20543724
20543723
20543722
20543721
20543720
20543719
20543718
20543717
20531027
20531026
20531025
20531024
20531023
20531022
20531021
20531020
20531019
20531018
20512062
20512061
20512060
20512059
20512058
20512057
20512056
20512055
20512054
20512053
20512052
20512051
20512050
20512049
20502226
20479690
20479689
20479688
20479687
20479686
20479685
20479684
20479683
20479682
20479681
20479680
20479679
20479678
20479677
20453680
20453679
20453678
20453677
20453676
20453675
20453674
20453673
20453672
20453671
20453670
20421762
20410848
20410847
20410846
20410845
20410844
20410843
20410842
20410841
20410840
20410839
20410838
20400917
20400916
20400915
20400914
20400913
20400912
20400911
20400910
20400909
20400908
20400907
20400906
20386326
20386325
20386324
20386323
20386322
20386321
20386320
20386319
20351527
20216101
20216100
20216099
20216098
20216097
20216096
20216095
20216094
20216093
20190611
20190610
20179647
20179646
20179645
20179644
20179643
20179642
20179641
20179640
20179639
20179638
20179637
20179636
20118809
20118808
20118807
20118806
20118805
20118804
20118803
20118802
20118801
20118800
20104129
20104128
20104127
20081547
20081546
20081545
20081544
20081543
20081542
20038853
20038852
20038851
20038850
20038849
20038848
20038847
20038846
20038845
20035183
20032631
20032630
20032629
19966579
19966578
19966577
19966576
19949349
19949348
19949347
19934772
19934771
19934770
19934769
19934768
19915496
19915495
19915494
19915493
19915492
19915491
19881394
19881393
19881392
19881391
19881390
19841598
19841597
19841596
19841595
19841594
19841593
19820413
19820412
19820411
19820410
19779376
19779375
19745762
19745761
19711503
19710558
19707105
19680156
19680155
19680154
19680153
19680152
19680151
19680150
19668012
19668011
19668010
19668009
19668008
19668007
19668006
19668005
19668004
19668003
19644400
19644399
19644398
19644397
19644396
19644395
19644394
19644393
19644392
19644391
19633578
19633577
19633576
19633575
19633574
19633573
19633572
19633571
19633570
19590456
19590455
19590454
19590453
19590452
19590451
19590450
19590449
19590448
19590447
19581816
19581815
19581814
19561550
19561549
19561548
19561547
19561546
19561545
19561544
19561543
19561542
19561541
19543117
19543116
19543115
19543114
19543113
19543112
19543111
19543110
19543109
19525875
19525874
19525873
19525872
19525871
19525870
19525869
19525868
19525867
19525866
19516196
19516195
19516194
19516193
19516192
19516191
19516190
19516189
19516188
19516187
19503003
19503002
19503001
19503000
19502999
19502998
19502997
19502996
19502995
19502994
19465874
19465873
19465872
19465871
19465870
19465869
19465868
19458552
19458551
19458550
19422102
19412015
19412014
19412013
19412012
19412011
19412010
19412009
19412008
19412007
19412006
19412005
19412004
19412003
19367184
19367183
19367182
19367181
19367180
19367179
19367178
19367177
19367176
19330936
19330934
19330933
19330932
19330931
19330930
19330929
19330928
19330927
19330925
19300139
19300138
19300137
19300136
19300135
19300134
19300133
19300132
19300131
19300130
19300129
19300128
19300127
19300126
19300125
19300124
19300123
19300122
19300121
19300120
19300119
19300118
19322064
19322063
19322062
19322061
19322060
19322059
19322058
19322057
19322056
19322055
19322053
19322052
19322051
19274802
19274801
19274800
19274799
19274798
19274797
19274796
19274794
19274793
19274792
19274791
19274790
19274789
19274788
19274787
19274786
19274785
19274784
19274782
19274781
19274780
19274779
19274778
19274777
19271298
19252449
19252448
19252447
19252446
19252445
19214058
19214056
19214055
19214054
19214053
19214052
19242286
19242285
19179888
19179887
19179886
19179885
19179884
19179883
19179882
19179881
19179880
19179879
19179878
19179877
19179876
19179875
19179874
19179873
19172136
19172135
19172134
19172133
19172132
19172131
19172130
19172129
19172128
19172127
19172126
19172125
19172124
19172123
19172122
19172121
19172120
19172119
19172118
19172117
19172116
18979588
18979587
18979585
18979584
18979583
18979582
18979581
18979580
18979579
18979578
18955889
18955888
18955887
18955886
18955885
18955884
18955883
18955882
18955881
18955880
18955879
18955878
18955877
18955876
18955875
18955874
18955873
18955872
18955871
18955869
18955868
18955867
18955866
18955865
18955864
18955863
18955862
18955861
18955860
18955859
18955858
18955857
18931605
18931604
18931603
18931602
18931601
18931600
18931599
18931598
18931597
18852648
18852647
18852646
18852645
18852644
18852643
18852642
18852641
18852640
18852639
18852638
18852637
18852636
18852635
18852634
18852633
18852632
18852631
18728540
18728539
18728538
18728537
18728536
18728535
18728534
18728533
18728532
18728531
18728530
18728529
18728528
18728527
18728526
18728525
18728524
18728523
18728522
18728521
18728520
18728519
18667917
18667916
18667915
18667914
18667913
18667912
18667911
18667910
18667909
18667908
18664886
18664885
18664884
18664883
18664882
18664881
18664880
18664879
18664878
18664877
18664876
18664875
18664874
18664873
18664872
18664871
18664870
18664869
18664868
18664867
18664866
18664865
18664864
18664863
18664862
18664861
18664860
18607279
18607278
18607277
18607276
18607275
18607274
18607273
18607272
18607271
18607270
18607269
18607268
18607267
18607266
18607265
18607264
18607263
18607262
18607261
18561373
18493225
18493224
18493223
18493222
18493221
18493219
18493218
18493217
18493216
18493215
18493214
18493213
18493212
18493211
18493210
18493209
18493208
18493207
18493206
18493205
18493204
18493203
18493202
18493201
18493200
18460976
18460975
18460974
18460973
18460972
18460971
18460970
18460969
18460968
18354330
18354329
18354328
18354327
18354326
18354325
18354324
18354323
18354322
18354321
18354320
18354319
18354318
18354317
18354316
18354315
18354314
18354313
18354312
18354311
18376260
18376259
18376258
18376256
18376255
18376254
18376253
18376252
18376251
18376250
18376249
18376248
18376247
18376246
18376245
18376244
18376243
18376242
18376241
18376240
18376239
18376238
18367970
18367969
18367967
18367966
18367965
18367964
18367963
18367962
18367961
18367960
18367959
18367958
18367957
18367956
18367955
18367954
18367953
18367952
18367951
18367950
18367949
18367948
18367947
18367946
18367945
18367944
18185077
18185076
18185074
18185073
18185072
18185071
18185070
18185069
18185068
18185082
18223391
18223390
18223389
18223387
18223386
18223385
18223384
18223383
18223382
18223381
18223380
18223379
18223378
18223377
18223376
18223375
18223374
18223373
18223372
18223371
18223370
18223369
18162847
18162846
18162845
18162844
18162843
18162841
18162840
18162839
18162838
18162837
18162836
18162835
18162834
18162833
18162832
18162831
18162830
18162829
18162828
18162827
18162826
18162825
18162824
18185095
18185094
18185093
18185092
18185091
18185090
18185089
18185088
18185087
18185086
18185085
18185084
18185083
18185081
18185080
18185079
18185078
18030244
18030243
18030242
18030241
18030240
18030239
18030238
18030237
18030236
18030235
18030234
18030233
18030232
18030231
18030230
18030229
18030228
18030227
18030226
18030225
18030224
18030223
18030222
18030221
18030219
18030218
18030217
18030216
18030215
18030214
18030213
18030212
18030211
18030210
18030209
18030208
18030207
18030206
18030205
18030204
18030203
18030202
17873754
17873753
17873752
17873751
17873750
17873749
17873748
17873747
17873746
17873745
17873744
17873743
17873742
17873741
17873740
17873739
17873738
17873737
17667732
17667731
17667729
17667728
17667727
17667726
17667725
17667724
17667723
17667722
17667721
17667720
17667719
17667718
17667717
17667716
17667715
17667714
17667713
17667712
17667711
17667710
17667709
17667708
17667707
17667706
17592383
17592382
17592381
17592379
17592377
17592376
17592375
17592374
17592373
17592372
17592371
17592370
17592369
17592368
17592367
17592366
17592365
17592364
17592363
17592362
17592361
17592360
17592359
17592358
17592357
17460505
17460504
17460503
17460502
17460501
17460500
17460499
17460498
17460497
17460496
17460495
17460494
17460493
17460492
17460491
17460490
17460489
17460488
17460487
17460486
17460485
17460484
17460483
17427266
17414158
17414157
17414156
17414155
17414154
17414152
17414151
17414150
17414149
17414148
17414147
17414146
17414145
17414144
17414143
17414142
17414141
17414140
17414139
17414138
17414137
17414136
17414135
17414134
17325568
17325567
17325565
17325563
17325562
17325561
17325560
17325559
17325558
17325557
17325556
17325555
17325554
17325553
17325552
17325551
17325550
17325549
17325548
17325547
17255849
17255848
17255847
17255846
17255845
17255844
17255843
17255842
17255841
17255840
17255839
17255838
17255837
17255836
17255835
17255834
17255833
17255832
17255831
17255830
17255829
17255828
17255827
17255826
17255825
17255824
17204983
17204982
17204981
17204980
17204979
17204978
17204977
17204976
17204975
17204974
17204973
17204972
17204971
17204970
17204969
17204968
17204967
17204966
17204965
17204964
17204963
17204962
17204961
17204960
17204959
17204958
17204957
17204956
17204955
17204954
17204953
17204952
17204951
17204950
17204949
17204948
17204947
17204946
17204945
17204944
17204943
17204942
17130753
17130752
17130751
17130750
17130749
17130748
17130747
17130746
17130745
17130744
17130743
17130742
17130741
17130740
17130739
17130738
17130737
17130736
17130735
17130734
17130733
17130732
17130731
17130730
17130729
17130728
17130727
17130726
17033538
17033537
17033536
17033535
17033534
17033533
17033532
17033531
17033530
17033529
17033528
17033527
17033526
17033525
17033524
17033523
17033522
17033521
17033520
17033519
17033518
17033517
17033516
17033515
17033514
17033513
17033512
16960994
16954970
16954969
16954968
16954967
16954966
16954965
16954964
16954963
16954962
16954961
16954960
16954959
16954958
16954957
16954956
16954955
16954954
16954953
16954952
16954951
16954950
16954949
16954948
16954947
16954946
16954945
16878001
16878000
16877999
16877998
16877997
16877996
16877995
16877994
16877993
16877992
16877991
16877990
16877989
16877988
16877987
16877986
16877985
16877984
16877983
16877982
16877981
16877980
16877979
16877978
16877977
16877976
16819406
16819405
16819404
16819403
16819402
16819401
16819400
16819399
16819398
16819397
16819396
16819395
16819394
16819393
16819392
16819391
16819390
16819389
16819388
16819387
16819386
16819385
16819384
16819383
16819382
16819381
16819380
16819379
16819378
16819377
16819376
16819375
16819374
16819373
16819372
16819371
16819370
16819369
16707994
16707993
16707992
16707991
16707990
16707989
16707988
16707987
16707986
16707985
16707984
16707983
16707982
16707981
16707980
16707979
16707978
16707977
16707976
16707975
16707974
16707973
16707972
16707971
16707970
16707969
16707968
16707967
16707966
16707965
16641589
16641588
16641587
16641586
16641585
16641584
16641583
16641582
16641581
16641580
16641579
16641578
16641577
16641576
16641575
16641574
16641573
16641572
16641570
16540809
16540808
16540807
16540806
16540805
16540804
16540803
16540802
16540801
16540800
16540799
16540798
16540797
16540796
16540795
16540794
16540793
16540792
16540791
16540790
16456428
16456427
16456425
16456424
16456423
16456422
16456421
16456420
16456419
16456418
16456417
16456416
16456415
16456414
16456413
16456412
16456411
16456410
16456409
16456408
16456407
16456406
16456405
16456404
16456401
16385273
16385272
16385270
16385269
16385267
16385266
16385265
16385264
16385263
16385262
16385261
16385260
16385259
16385258
16385257
16385256
16385255
16385254
16385253
16385252
16385251
16385250
16385249
16385248
16385247
16385246
16385244
16385243
16385242
16254536
16254535
16254534
16254532
16254531
16254530
16254529
16254528
16254527
16254526
16254525
16254524
16254523
16254522
16254521
16254520
16254519
16254518
16254517
16254516
16254515
16254514
16254513
16254512
16254511
16254510
16254497
16205524
16205523
16205522
16205521
16205520
16205519
16205518
16205517
16205516
16205515
16205514
16205513
16205512
16205511
16205510
16205509
16205508
16205507
16205506
16205505
16205504
16205503
16205502
16132000
16131999
16131998
16131997
16131996
16131995
16131994
16131993
16131992
16131991
16131990
16131989
16131988
16131987
16131986
16131985
16131984
16131983
16131982
16131980
16131979
16131978
16131977
16131976
16131975
16131974
16131973
16131972
16131971
16131970
16131969
16131968
16131967
16131966
16131965
16131964
16131963
16131962
16131961
16131960
16131959
16131958
16131957
16131956
16131955
16131954
16131953
16131952
16131951
16131950
16131949
16056111
16056110
16056109
16056108
16056107
16056106
16056105
16056104
16056103
16056102
16056101
16056100
16056099
16056098
16056097
16056096
16056095
16056094
16056093
16056092
15990650
15990649
15990647
15990646
15990645
15990644
15990643
15990642
15990641
15990640
15990639
15990638
15990637
15990636
15990635
15990634
15990633
15990632
15990631
15990630
15990629
15990628
15990627
15990626
15990625
15990624
15990623
15990622
15990621
15990620
15861027
15861026
15861025
15861024
15861023
15861022
15861021
15861020
15861019
15861018
15861017
15861016
15861015
15861014
15861013
15861012
15861011
15805858
15805857
15805856
15805855
15805854
15805853
15805852
15805851
15805850
15805849
15805848
15805847
15805846
15805845
15805844
15805843
15805842
15805841
15805840
15805839
15805838
15805837
15805836
15805835
15805834
15805833
15805832
15805831
15805830
15805829
15805828
15795609
15795608
15795607
15795606
15795605
15795604
15795603
15795602
15795601
15795600
15795599
15795598
15795597
15795596
15795595
15795594
15795593
15795592
15795591
15795590
15795589
15795588
15795587
15795586
15795585
15795584
15750388
15750387
15735503
15735502
15735501
15735500
15735499
15735498
15735497
15735496
15735495
15735494
15735493
15735492
15735491
15735490
15735489
15735488
15735487
15735486
15735485
15735484
15735483
15735482
15735481
15735480
15735479
15735478
15735477
15735476
15735475
15711419
15699711
15699710
15699709
15699708
15699707
15699706
15699705
15699704
15699703
15699702
15699701
15699700
15699699
15699698
15699697
15699696
15699695
15699694
15699693
15699692
15699691
15699690
15699689
15699688
15699687
15699686
15699685
15699684
15699683
15699682
15699681
15699680
15699679
15699678
15699677
15699676
15643716
15627045
15625441
15625440
15625439
15625437
15625435
15625434
15625433
15625432
15625431
15625430
15625429
15625428
15625427
15625426
15625425
15625424
15625423
15625422
15625421
15625418
15572905
15572904
15572903
15572902
15572901
15572900
15572899
15572898
15572897
15572896
15572895
15572894
15572893
15572892
15572891
15572890
15572889
15572888
15572887
15572886
15572885
15572884
15572883
15572882
15572881
15572880
15505909
15505907
15505906
15448444
15448442
15448440
15448439
15448438
15448437
15448436
15448435
15448434
15448433
15448432
15448431
15448430
15448429
15448428
15448427
15448426
15448425
15448424
15448423
15448422
15448421
15448420
15448419
15448418
15448417
15448416
15448415
15319640
15319639
15319638
15319637
15319636
15319635
15319634
15319633
15319632
15319631
15319630
15319629
15319628
15319627
15319626
15319625
15319624
15319623
15319622
15319621
15319620
15269642
15269641
15269639
15269638
15269637
15269636
15269635
15269633
15269632
15269631
15269630
15269629
15269628
15269627
15269626
15269625
15269624
15269623
15269622
15269621
15269620
15269619
15269618
15269617
15269616
15269615
15237520
15187793
15187792
15187791
15187790
15187789
15187788
15187787
15187786
15187785
15187784
15187783
15187782
15187781
15187780
15187779
15187778
15187777
15187776
15187775
15187774
15187773
15187772
15187771
15184773
15184772
15184771
15184770
15184769
15184768
15184767
15184766
15184765
15184764
15184763
15184762
15184761
15184760
15184759
15184758
15184757
15184756
15167384
15167383
15167382
15167381
15167380
15167379
15167378
15167377
15167376
15167375
15167374
15167373
15167372
15167371
15167370
15167369
15167368
15167367
15167366
15167365
15167364
15167363
15167362
15167361
15167360
15167359
15167358
15097449
15097448
15097447
15097446
15097445
15097444
15097443
15097442
15097441
15097440
15097439
15097438
15097437
15097436
15097435
15097434
15097433
15097432
15097431
15085031
15085030
15085029
15085028
15085027
15085026
15085025
15085024
15085023
15085022
15085021
15085020
15085019
15085018
15085017
15085016
15085015
15085014
15085012
15076645
15076644
15076643
15076642
15076641
15076640
15076639
15076638
15076637
15076636
15076635
15076634
15076633
15076632
15076631
15076630
15076629
15076628
15076627
15076626
15076625
15076624
15076623
15076622
15076621
15076620
15076619
15076618
14974467
14974466
14974465
14734892
14734891
14734890
14734889
14734888
14734887
14734886
14734885
14734884
14734883
14734882
14734881
14734880
14734879
14734878
14734877
14734876
14734875
14734874
14734873
14734872
14734871
14733190
14733186
14733184
14727655
14685083
14685082
14685081
14685080
14685079
14685078
14685077
14685076
14685075
14685074
14685073
14685072
14685071
14685070
14685069
14676607
14676606
14676605
14676604
14676603
14676602
14676601
14676600
14676599
14676598
14676597
14676596
14676595
14676594
14676593
14676592
14676591
14676590
14676589
14676588
14676587
14676586
14676585
14676584
14640099
14640098
14640096
14582475
14581811
14581810
14581809
14581808
14581807
14581806
14581805
14581804
14581803
14581802
14581801
14581800
14581799
14581798
14581797
14581796
14581795
14581794
14581793
14581792
14581791
14581790
14581789
14581788
14579850
14579849
14508228
14508227
14508226
14508225
14508224
14508223
14508222
14508221
14508220
14508219
14508218
14508217
14508216
14508215
14508214
14508213
14508212
14508211
14508210
14508209
14508208
14508207
12971361
12971358
12968597
12968596
12966946
12960656
12960655
12960654
12960653
12960652
12960651
12960650
12960649
12960648
12960647
12960646
12960645
12960644
12960643
12960642
12960641
12960640
12960639
12916503
12916502
12916501
12883315
12883314
12883313
12883312
12883311
12883310
12883309
12883308
12883307
12883306
12883305
12883304
12883303
12883302
12883301
12883300
12883299
12883298
12883297
12883296
12883295
12883294
12883293
12883292
12883291
12883290
12872780
12872779
12862023
12862012
12827018
12827016
12827015
12827014
12827013
12827012
12827011
12827010
12827009
12827008
12827007
12827006
12827005
12827004
12827003
12827002
12827001
12827000
12826999
12774794
12774768
12717094
12717093
12717092
12717091
12717090
12717089
12717088
12717087
12717086
12717085
12717084
12717083
12717082
12708409
12669709
12669708
12658049
12658048
12658047
12658046
12658045
12658044
12658043
12658042
12658041
12658040
12658039
12658038
12658037
12658036
12658035
12658034
12658033
12658032
12658031
12658030
12613481
12613479
12607793
12607792
12607791
12607790
12607789
12604989
12604988
12604987
12604986
12604985
12604984
12604983
12604982
12604981
12604980
12604979
12604978
12604977
12604976
12604975
12604974
12604973
12604972
12604971
12604970
12604969
12604968
12604967
12604966
12593402
12593401
12593397
12593394
12548072
12548071
12548070
12548069
12548068
12548067
12548066
12548065
12548064
12548063
12548062
12548061
12548060
12548059
12548058
12548057
12548056
12548055
12548054
12548053
12548052
12548051
12548050
12548049
12548048
12539749
12537012
12537011
12500014
12500013
12500012
12500011
12500010
12500009
12500008
12500007
12500006
12500005
12500004
12500003
12500002
12500001
12500000
12499999
12499998
12499997
12499996
12499995
12499994
12499993
12499992
12499991
12499990
12499989
12487129
12487128
12487120
12454595
12454594
12454593
12454592
12454591
12454590
12454589
12454588
12454587
12454586
12454585
12454584
12454583
12454582
12454581
12454580
12454579
12454578
12454577
12454576
12454575
12454574
12454573
12454572
12454571
12402967
12402966
12394391
12394390
12394389
12394388
12394387
12394386
12394385
12394384
12394383
12394382
12394381
12394380
12394379
12394378
12394377
12394376
12394375
12394374
12394373
12394372
12394371
12394370
12394369
12394368
12394367
12394366
12394365
12394364
12394363
12394362
12394361
12394360
12394359
12394358
12394357
12394356
12360995
12360994
12360993
12352539
12352538
12352537
12352536
12352535
12352534
12352533
12352532
12352531
12352530
12352529
12352528
12352527
12352526
12352525
12352524
12352523
12352522
12352521
12352520
12352519
12352518
12352517
12352516
12352515
12352514
12352513
12352512
12352511
12352510
12352509
12212572
12192192
12192191
12192190
12192189
12192188
12192187
12192186
12192185
12192184
12192183
12192182
12192181
12192180
12192179
12192178
12192177
12192176
12192175
12192174
12192173
12192172
12187309
12187308
12187307
12187306
12187305
12187304
12187303
12187302
12187301
12187300
12187299
12187298
12187297
12187296
12187295
12187294
12187293
12187292
12187291
12187290
12187289
12187288
12187287
12187286
12187285
12187284
12187283
12152624
12152623
12151823
12151822
12151821
12151820
12151819
12151818
12151817
12151816
12151815
12151814
12151813
12151812
12151811
12142822
12142821
12142820
12142819
12142818
12142817
12142816
12142815
12142814
12142813
12142812
12142811
12142810
12142809
12142808
12142807
12142806
12142805
12142804
12142803
12142802
12142801
12142800
12082394
12082393
12082392
12082391
12082390
12082389
12082388
12082387
12082386
12082385
12082384
12082383
12082382
12082381
12082380
12082379
12082378
12078659
12078658
12050590
12050589
12050588
12050587
12050586
12050585
12050584
12050583
12050582
12050581
12050580
12050579
12050578
12050577
12050576
12050575
12050574
12050573
12050572
11987272
11981954
11981953
11981952
11981951
11981950
11973777
11973776
11973775
11973774
11964968
11964966
11964964
11964963
11964962
11964961
11964960
11964959
11964958
11964957
11964956
11964954
11964953
11964952
11964951
11964950
11964949
11964948
11964947
11964946
11930872
11930104
11930103
11930102
11930101
11930100
11930099
11930098
11930097
11930096
11930095
11930094
11930093
11930092
11930091
11930090
11930089
11930088
11930087
11930086
11930085
11868567
11865812
11840050
11840049
11840048
11840047
11840046
11840045
11840044
11840043
11840042
11840041
11840040
11840039
11840038
11840037
11840036
11840035
11840034
11840033
11840032
11840031
11840030
11840029
11840028
11840027
11840026
11840025
11794242
11794241
11791526
11791525
11791524
11791523
11776950
11753176
11753175
11753174
11753173
11753172
11753171
11753170
11753169
11753168
11753167
11753166
11753165
11753164
11753163
11753162
11753161
11753160
11753159
11753158
11753157
11753156
11740245
11740244
11740243
11740242
11740241
11740240
11740239
11740238
11740237
11740236
11740235
11740234
11740233
11740232
11740231
11740230
11740229
11740228
11740227
11740226
11740225
11740224
11710308
11698784
11698783
11698782
11698781
11698780
11698779
11698778
11698777
11698776
11698775
11698774
11698773
11698772
11698771
11698770
11698769
11698768
11698767
11698766
11698765
11698764
11698763
11698762
11698761
11698760
11698759
11698758
11685975
11685974
11685973
11685972
11685971
11685970
11678083
11678082
11601435
11601434
11601433
11593140
11593139
11593138
11593137
11593136
11593135
11593134
11593133
11593132
11593131
11593130
11593129
11593128
11593127
11593126
11593125
11593124
11593123
11593122
11593121
11593120
11593119
11593118
11593117
11593116
11593115
11575305
11575304
11575303
11575302
11568530
11568529
11568528
11568527
11568526
11568525
11568524
11568523
11568522
11568521
11568520
11568519
11568518
11568517
11568516
11568515
11568514
11568513
11568512
11568511
11568510
11568509
11568508
11525610
11494953
11479418
11479417
11479416
11479415
11479414
11479413
11479412
11479411
11479410
11479409
11479408
11479407
11479406
11479405
11479404
11479403
11479402
11479401
11479400
11455948
11455947
11429530
11429529
11429528
11429527
11429526
11429525
11429524
11429523
11429522
11429521
11429520
11429519
11429518
11429517
11429516
11429515
11429514
11429513
11429512
11429511
11429510
11429509
11429508
11429507
11396828
11396827
11396826
11396825
11396824
11396823
11396822
11396821
11396820
11396819
11396818
11396817
11396816
11396815
11396814
11396813
11396812
11396811
11396810
11396809
11396808
11396807
11396806
11396805
11396804
11396803
11396802
11345191
11345190
11345189
11345188
11345187
11345186
11345185
11345184
11345183
11345182
11345181
11345180
11345179
11345178
11345177
11345176
11345175
11345174
11345173
11345172
11345171
11345170
11345169
11345168
11321425
11321424
11321423
11321422
11321421
11321420
11321419
11321418
11321417
11321416
11321415
11321414
11321413
11321412
11321411
11321410
11321409
11321408
11321407
11321406
11321405
11321404
11321403
11321402
11321401
11321400
11321399
11321398
11321397
11321396
11321395
11321394
11321393
11321392
11321391
11321390
11321389
11321388
11321387
11321386
11321385
11321384
11321383
11321382
11321381
11321380
11321379
11321378
11321377
11321376
11321375
11321374
11192452
11192451
11176342
11176341
11176340
11176339
11176338
11176337
11176336
11176335
11176334
11176333
11176332
11176331
11176330
11176329
11176328
11176327
11176326
11176325
11176324
11176323
11176322
11176321
11176320
11176319
11176318
11176317
11176316
11176315
11144448
11144447
11144446
11144445
11144444
11144443
11144442
11144441
11144440
11144439
11144438
11144437
11144436
11144435
11144434
11144433
11144432
11144431
11144430
11144429
11144428
11045851
11045850
11045849
11045848
11045847
11045846
11045845
11045844
11045843
11045842
11045841
11045840
11045839
11045838
11045837
11045836
11045835
11045834
11045833
11045832
11045831
11045830
11045829
11045828
11045827
11045826
11021300
10997389
10997388
10997387
10997386
10997385
10997384
10997383
10997382
10997381
10997380
10997379
10997378
10997377
10997376
10997375
10997374
10997373
10997372
10997371
10997370
10997369
10997368
10997367
10997366
10997365
10997364
10997363
10997362
10997361
10997360
10997359
10979489
10941984
10941983
10941982
10941981
10941980
10941979
10941978
10941977
10941976
10941975
10941974
10941973
10941972
10941971
10941970
10941969
10941968
10941967
10941966
10941965
10941964
10941963
10941962
10941961
10941960
10941959
10941958
10941957
10941956
10917785
10917784
10896092
10896091
10896090
10896089
10896088
10896087
10896086
10896085
10896084
10896083
10896082
10896081
10896080
10896079
10896078
10896077
10896076
10896075
10896074
10896073
10896072
10896071
10896070
10896069
10896068
10896067
10896066
10896065
10896064
10896063
10896062
10896061
10817289
10817288
10817287
10817286
10817285
10817284
10817283
10817282
10817281
10817280
10817279
10817278
10817277
10817276
10817275
10817274
10817273
10817272
10776967
10776966
10776965
10776964
10776963
10776962
10776961
10776960
10776959
10776958
10776957
10776956
10776955
10776954
10776953
10776952
10776951
10776950
10776949
10776948
10776947
10776946
10776945
10776944
10749430
10749429
10749428
10749427
10749426
10749425
10749424
10749423
10749422
10749421
10749420
10749419
10749418
10749417
10749416
10749415
10749414
10749413
10749412
10749411
10749410
10749409
10749408
10749407
10749406
10749405
10749404
10749403
10749402
10749401
10749400
10749399
10749398
10749397
10749396
10749395
10697149
10697148
10697147
10697146
10697145
10697144
10697143
10697142
10697141
10697140
10697139
10697138
10697137
10697136
10697135
10697134
10697133
10697132
10697131
10697130
10697129
10697128
10697127
10697126
10697125
10697124
10634304
10634303
10634302
10634301
10634300
10634299
10634298
10634297
10634296
10634295
10634294
10634293
10630445
10630438
10630451
10630450
10630449
10630448
10630447
10630446
10630444
10630443
10630442
10630441
10630440
10630439
10630437
10630436
10630435
10630434
10630433
10630432
10630431
10630430
10630429
10630428
10630427
10554136
10577056
10554139
10554138
10554137
10554135
10554134
10554133
10554132
10554131
10554130
10554129
10554128
10554127
10554126
10554125
10554124
10554123
10554122
10554121
10554120
10554119
10554118
10554117
10554116
10554115
10512418
10512416
10512417
10512415
10512414
10512413
10512412
10512411
10512410
10512409
10512408
10512407
10512406
10512405
10512404
10512403
10512402
10512401
10512400
10512399
10512398
10512397
10512396
10512395
10512394
10512393
10468011
10468010
10468009
10468008
10468007
10468006
10468005
10468004
10468003
10468002
10468001
10468000
10467999
10467998
10467997
10467996
10467995
10467994
10467993
10467992
10467991
10467990
10467989
10467988
10467987
10467986
10467985
10435668
10435649
10435645
10435667
10435666
10435665
10435664
10435663
10435662
10435661
10435660
10435659
10435658
10435657
10435656
10435655
10435654
10435653
10435652
10435651
10435650
10435648
10435647
10435646
10435644
10435643
10400120
10400119
10400118
10400117
10400116
10400115
10400114
10400113
10400112
10400111
10400110
10400109
10400108
10400107
10400106
10400105
10400104
10400103
10400102
10400101
10400100
10400099
10400098
10400097
10400096
10400095
10400094
10400093
10400092
10328126
10328136
10328135
10328134
10328133
10328132
10328131
10328130
10328129
10328128
10328127
10328125
10328124
10328123
10328122
10328121
10328120
10328119
10328118
10328117
10328116
10204511
10204528
10204527
10204526
10204525
10204524
10204523
10204522
10204521
10204520
10204519
10204518
10204517
10204516
10204515
10204514
10204513
10204512
10204510
10204509
10204508
10204507
10204506
10204505
10204504
10204503
10204502
10204501
10204500
10204499
10204498
10204497
10204496
10204495
10067737
10067736
10067722
10067753
10067752
10067751
10067750
10067749
10067748
10067747
10067746
10067745
10067744
10067743
10067742
10067741
10067740
10067739
10067738
10067735
10067734
10067733
10067732
10067731
10067730
10067729
10067728
10067727
10067726
10067725
10067724
10067723
10067721
10067720
10067719
10067718
9934970
9932866
9932865
9932864
9932863
9932862
9932861
9932860
9932859
9932858
9932857
9932856
9932855
9932854
9932853
9932852
9932851
9932850
9932849
9932848
9932847
9932846
9932845
9932844
9932843
9932842
9932841
9932840
9932839
9932838
9932837
9890483
9890482
9890481
9890480
9890479
9890478
9890477
9890476
9890475
9890474
9890473
9890472
9890471
9890470
9890469
9890468
9890467
9890466
9890465
9890464
9890463
9890462
9890461
9890460
9890459
9841262
9822338
9822337
9822336
9822335
9822334
9822333
9822332
9822331
9822330
9822329
9822328
9822327
9822326
9822325
9822324
9822323
9822322
9822321
9822320
9822319
9822318
9822317
9822316
9822315
9822314
9822313
9822312
9779964
9779979
9779978
9779977
9779976
9779975
9779974
9779973
9779972
9779971
9779970
9779969
9779968
9779967
9779966
9779965
9779963
9740221
9740220
9740219
9740218
9740217
9740216
9740215
9740214
9740213
9740212
9740211
9740210
9740209
9740208
9740207
9740206
9740205
9740204
9740203
9740202
9740201
9740200
9740199
9740198
9740197
9740196
9702665
9702664
9702663
9702662
9702661
9702660
9702659
9702658
9702657
9702656
9702655
9702654
9702653
9702652
9702651
9702650
9702649
9702648
9702647
9702646
9702645
9702644
9702643
9702642
9702641
9669733
9669746
9669745
9669744
9669743
9669742
9669741
9669740
9669739
9669738
9669737
9669736
9669735
9669734
9669732
9669731
9669730
9669729
9669728
9669727
9669726
9669725
9669724
9669723
9669722
9669721
9669720
9669719
9669718
9586764
9586763
9586762
9586761
9586760
9586759
9586758
9586757
9580376
9580375
9552153
9552152
9552151
9552150
9552149
9552148
9552147
9552146
9552145
9552144
9552143
9552142
9552141
9552140
9552139
9552138
9552137
9552136
9552135
9552134
9552133
9552132
9552131
9523880
9523872
9523860
9523884
9523883
9523882
9523881
9523879
9523878
9523877
9523876
9523875
9523874
9523873
9523871
9523870
9523869
9523868
9523867
9523866
9523865
9523864
9523863
9523862
9523861
9523859
9523858
9523857
9523856
9523855
9481649
9481648
9481647
9481646
9481645
9481644
9481643
9481642
9481641
9481640
9481639
9481638
9481637
9481636
9481635
9481634
9481633
9481632
9481631
9481630
9481629
9481628
9481627
9481626
9481625
9481624
9443132
9443131
9443130
9443129
9443128
9443127
9443126
9443125
9443124
9443123
9443122
9443121
9443120
9443119
9443118
9443117
9443116
9443115
9443114
9443113
9443112
9360215
9360214
9360213
9360212
9360211
9360210
9360209
9360208
9360207
9360206
9360205
9360204
9360203
9360202
9360201
9327380
9327379
9327378
9327377
9327376
9327375
9327374
9327373
9327372
9327371
9327370
9327369
9327368
9327367
9327366
9327365
9327364
9285396
9285395
9285394
9285393
9285392
9285391
9285390
9285389
9285388
9285387
9285386
9285385
9285384
9285383
9285382
9285381
9285380
9285379
9285378
9285377
9285376
9285375
9285374
9252926
9252925
9252924
9252923
9252922
9252921
9252920
9252919
9252918
9252917
9252916
9252915
9252914
9252913
9252912
9252911
9252910
9252909
9252908
9252907
9252906
9252905
9252904
9252903
9252902
9252901
9252900
9252899
9252898
9252897
9226544
9226543
9226542
9226541
9226540
9226539
9226538
9226537
9226536
9226535
9226534
9226533
9226532
9226531
9226530
9226529
9226528
9226527
9226526
9226525
9226524
9226523
9226522
9226521
9226520
9161972
9161971
9161970
9161969
9161968
9161967
9161966
9161965
9161964
9161963
9161962
9161961
9161960
9161959
9161958
9161957
9161956
9161955
9161954
9161953
9161952
9161951
9161950
9161949
9161948
9161947
9161946
9161945
9161944
9161943
9161942
9161941
9221287
9144133
9144132
9144131
9144130
9144129
9144128
9144127
9144126
9144125
9144124
9144123
9144122
9144121
9144120
9144119
9144118
9144117
9138191
9138190
9138189
9138188
9138187
9138186
9138185
9138184
9138183
9138182
9138181
9138180
9138179
9138178
9138177
9138176
9138175
9138174
9138173
9138172
9138171
9138170
9138169
9138168
9138167
9138166
9106115
9106114
9106113
9106112
9106111
9106110
9106109
9106108
9106107
9106106
9106105
9106104
9106103
9106102
9106101
9106100
9106099
9106098
9106097
9106096
9106095
9324523
9285865
9285864
9285863
9285862
9285861
9285860
9285859
9285858
9285857
9285856
9285855
9285854
9285853
9285852
9285851
9285850
9285849
9093998
9093997
9093996
9093995
9093994
9093993
9093992
9093991
9093990
9093989
9093988
9093987
9093986
9093985
9093984
9093983
9093982
9093981
9093980
9093979
8985859
8985858
8985857
8985856
8985855
8985854
8985853
8985852
8985851
8985850
8985849
8985848
8985847
8985846
8985845
8985844
8985843
8985842
8985841
8985840
8985839
8985838
8956202
8956201
8956200
8956199
8956198
8956197
8956196
8956195
8956194
8956193
8956192
8956191
8956190
8956189
8956188
8956187
8956186
8956185
8956184
8956183
8956182
8956181
8956180
8956179
8956178
8956177
8956176
8956175
8956174
8956173
8956172
8956171
8890096
8890095
8890094
8890093
8890092
8890091
8890090
8890089
8890088
8890087
8890086
8890085
8890084
8890083
8890082
8890081
8890080
8890079
8890078
8890077
8890076
8890075
8890074
8890073
8890072
8890071
8890070
8890069
8890068
8890067
8856595
8856594
8856593
8856592
8856591
8856590
8856589
8856588
8856587
8856586
8856585
8856584
8856583
8856582
8856581
8856580
8856579
8856578
8856577
8856576
8856575
8856574
8856573
8811530
8811529
8811528
8811527
8811526
8811525
8811524
8811523
8811522
8811521
8811520
8811519
8811518
8811517
8811516
8811515
8732907
8732906
8732905
8732904
8732903
8732902
8732901
8732900
8732899
8732898
8732897
8732896
8732895
8708896
8708895
8708894
8708893
8708892
8708891
8708890
8708889
8708888
8708887
8708886
8708885
8708884
8708883
8708882
8708881
8708880
8708879
8708878
8708877
8708876
8708875
8708874
8642502
8642501
8642500
8642499
8642498
8642497
8642496
8642495
8642494
8642493
8642492
8642491
8642490
8642489
8642488
8642487
8642486
8642485
8642484
8642483
8788304
8788303
8788302
8788301
8788300
8788299
8788298
8788297
8788296
8788295
8788294
8788293
8788292
8788291
8788290
8788289
8788288
8788287
8788286
8788285
8788284
8788283
8788282
8583309
8583308
8583307
8583306
8583305
8583304
8583303
8583302
8583301
8583300
8583299
8583298
8583297
8583296
8583295
8583294
8583293
8583292
8583291
8583290
8583289
8583288
8583287
8583286
8523218
8523217
8523216
8523215
8523214
8523213
8523212
8523211
8523210
8523209
8523208
8523207
7472917
7472916
7472915
7472914
7472913
7472912
7472911
7472910
7472909
7472908
7472907
7472906
7472905
7472904
7472903
7472902
7472901
7472900
7472899
7472898
7472897
7472896
8576823
8576822
8576821
8576820
8576819
8576818
8576817
8576816
8576815
8576814
8576813
8576812
8576811
8576810
8576809
8576808
8576807
8576806
8576805
8576804
8576803
8576802
8576801
8576800
8576799
8576798
7636690
7636689
7636688
7636687
7636686
7636685
7636684
7636683
7636682
7636681
7636680
7636679
7636678
7608838
7608837
7608836
7608835
7608834
7608833
7608832
7608831
7608830
7608829
7608828
7608827
7608826
7608825
7608824
7608823
7608822
7608821
7608820
7541835
7541834
7714697
7714696
7714695
7714694
7714693
7714692
7714691
7714690
7714689
7714688
7714687
7714686
7714685
7714684
7714683
7714682
7714681
7714680
7714679
7714678
7714677
8708873
8708872
8708871
8708870
8708869
8708868
8708867
8708866
8708865
8708864
8708863
8708862
8708861
8708860
8708859
8708858
8708857
7884624
7884623
7884622
7884621
7884620
7884619
7884618
7884617
7884616
7884615
7884614
7884613
7884612
7884611
7884610
7884609
7884608
7884607
7884606
7533834
7533833
7533832
7877010
7877009
7877008
7877007
7877006
7877005
7877004
7877003
7877002
7877001
7877000
7876999
7876998
7876997
7876996
7876995
7876994
7876993
7876992
7876991
7876990
7876989
7876988
7815266
7815265
7815264
7815263
7815262
7815261
7815260
7815259
7815258
7815257
7815256
7815255
7815254
7815253
7815252
7815251
7815250
7815249
7815248
7815247
7815246
7815245
7815244
7815243
7815242
7815241
7815240
7815239
7815238
7815237
7815236
7815235
7815234
7529304
7965486
7965485
7965484
7965483
7965482
7965481
7965480
7965479
7965478
7965477
7965476
7965475
7965474
7965473
7965472
7965471
7965470
7965469
7965468
7965467
7965466
7965465
7965464
7965463
7965462
7965461
7965460
7965459
7965458
7965457
8071793
8071792
8071791
8071790
8071789
8071788
8071787
8071786
8071785
8071784
8071783
8071782
8071781
8071780
8071779
8071778
8071777
8071776
8071775
7915308
7915307
7520936
8057232
8057231
8057230
8057229
8057228
8057227
8057226
8057225
8057224
8057223
8057222
8057221
8057220
8057219
8057218
8057217
8057216
8057215
8057214
8057213
8057212
8057211
8057210
8057209
8057208
8057207
8057206
8057205
8014780
8014779
8014778
8014777
8014776
8014775
8014774
8014773
8014772
8014771
8014770
8014769
8014768
8014767
8014766
8014765
8014764
8014763
8014762
8014761
8014760
8014759
8014758
7912267
7912266
8166856
8126627
8126626
8126625
8126624
8126623
8126622
8126621
8126620
8126619
8126618
8126617
8126616
8126615
8126614
8126613
8126612
8126611
8126610
8126609
8126608
8126607
8126606
7510336
8145109
8145108
8145107
8145106
8145105
8145104
8145103
8145102
8145101
8145100
8145099
8145098
8145097
8145096
8145095
8145094
8145093
8145092
8145091
8145090
8145089
8145088
8145087
8145086
8145085
8271146
8271145
8271144
8271143
8271142
8271141
8271140
8271139
8271138
8271137
8271136
8271135
8271134
8271133
8271132
8271131
8271130
8271129
8271128
8271127
8271126
8271125
8271124
8271123
8271122
8271121
8271120
7505821
8229556
8229555
8229554
8229553
8229552
8229551
8229550
8229549
8229548
8229547
8229546
8229545
8229544
8229543
8229542
8229541
8229540
8229539
8229538
8147965
7901358
8350219
8350218
8350217
8350216
8350215
8350214
8350213
8350212
8350211
8350210
8350209
8350208
8350207
8350206
8350205
8350204
8350203
8350202
8350201
8350200
8350199
8350198
8102399
8391075
8315561
8315560
8315559
8315558
8315557
8315556
8315555
8315554
8315553
8315552
8315551
8315550
8315549
8315548
8315547
8315546
8315545
8315544
8315543
8315542
8315541
8315540
7686220
7686219
8492269
8492268
8492267
8492266
8492265
8492264
8492263
8492262
8492261
8492260
8492259
8492258
8492257
8492256
8492255
8492254
8492253
8492252
8492251
8492250
8492249
8492248
8492247
8450394
8450393
8450392
8450391
8450390
8450389
8450388
8450387
8450386
8450385
8450384
8450383
8450382
8450381
8450380
8450379
8450378
8450377
8450376
8450375
8450374
8450373
8383732
8318087
8095523
8095522
8095521
8433248
8433247
8433246
8433245
8433244
8433243
8433242
8433241
8433240
8433239
8433238
8433237
8433236
8433235
8433234
8433233
8433232
8433231
8433230
8433229
8433228
8433227
8381865
8094436
8094435
8094434
7679441
1469529
1469535
1469534
1469533
1469532
1469531
1469530
1469528
1469527
1469526
1469525
1469524
1469523
1469522
1469521
1469520
1469519
1469518
1469517
1469516
1335047
1281875
1432478
1432477
1432476
1432475
1432474
1432473
1432472
1432471
1432470
1432469
1432468
1432467
1432466
1432465
1432464
1432463
1432462
1432461
1432460
1432459
1432458
1344977
1331391
1403470
1403479
1403478
1403477
1403476
1403475
1403474
1403473
1403472
1403471
1403469
1403468
1403467
1403466
1403465
1403464
1403463
1403462
1403461
1403460
1403459
1403458
1357127
1357126
1357125
1328581
1328580
1403457
1403456
1403455
1403454
1403453
1403452
1403451
1403450
1403449
1403448
1403447
1403446
1403445
1403444
1403443
1383485
1328579
1517955
1517954
1517953
1517952
1517951
1517950
1517949
1517948
1517947
1517946
1517945
1517944
1517943
1517942
1517941
1355535
1355534
1355533
1325553
1619535
1619529
1619546
1619545
1619544
1619543
1619542
1619541
1619540
1619539
1619538
1619537
1619536
1619534
1619533
1619532
1619531
1619530
1619528
1619527
1619526
1535657
1352349
1593383
1593382
1593381
1593380
1593379
1593378
1593377
1593376
1593375
1593374
1593373
1593372
1593371
1593370
1593369
1593368
1593367
1593366
1593365
1534366
1534365
1350617
1317424
1317423
1573517
1573516
1573515
1573514
1573513
1573512
1573511
1573510
1573509
1573508
1573507
1573506
1573505
1573504
1573503
1573502
1573501
1573500
1573499
1573498
1374125
1374124
1374123
1349349
1349348
1315386
1779307
1817487
1779320
1779319
1779318
1779317
1779316
1779315
1779314
1779313
1779312
1779311
1779310
1779309
1779308
1723427
1685747
1663997
1817494
1791513
1791512
1791511
1791510
1791509
1791508
1791507
1791506
1791505
1791504
1791503
1791502
1791501
1791500
1791499
1724266
1941417
1941421
1941420
1941419
1941418
1941416
1941415
1941414
1941413
1941412
1941411
1941410
1941409
1941408
1941407
1941406
1941405
1941404
1941403
1941402
1789863
1719176
1919957
1919956
1919955
1919954
1919953
1919952
1919951
1919950
1919949
1919948
1919947
1919946
1919945
1919944
1919943
1919942
1919941
1919940
1919939
1833523
1833522
1681045
1681044
1656008
1656007
1678009
1865286
1865285
1865284
1865283
1865282
1865281
1865280
1865279
1865278
1865277
1865276
1678008
1678007
1678006
2072239
2072238
2072237
2072236
2072235
2072234
2072233
2072232
2072231
2072230
2072229
2072228
2072227
2072226
2072225
2072224
2072223
2072222
2072221
2072220
2072219
2072218
1649288
1649287
2051285
2051284
2051283
2051282
2051281
2051280
2051279
2051278
2051277
2051276
2051275
2051274
2051273
2051272
2051271
2051270
2051269
2051268
2051267
2051266
2051265
2051264
2051263
1904935
1904934
1904933
1904932
1843798
1711117
1676411
2061785
2061784
2061783
2061782
2061781
2061780
2061779
2061778
2061777
2061776
2061775
2061774
2061773
2061772
2061771
2061770
2061769
2061768
2061767
2061766
2061765
2061764
1905750
1905749
1712035
1676410
1676409
2262848
2262847
2262846
2262845
2262844
2262843
2262842
2262841
2262840
2262839
2262838
2262837
2262836
2262835
2262834
2262833
2262832
2262831
2175784
2132081
2124614
1702151
2246732
2246731
2246730
2246729
2246728
2246727
2246726
2246725
2246724
2246723
2246722
2246721
2246720
2246719
2246718
2246717
2246716
2246715
2246714
2246713
2246712
2246711
2246710
2246709
2246708
2123245
2123244
2123243
1978859
2395071
2395070
2395069
2395068
2395067
2395066
2395065
2395064
2395063
2395062
2395061
2395060
2395059
2395058
2395057
2395056
2203892
2203891
2203890
2203889
2203888
2168478
2144318
2118567
2118566
2118565
1697618
2388136
2388135
2388134
2388133
2388132
2388131
2388130
2388129
2388128
2388127
2388126
2388125
2388124
2388123
2388122
2388121
2388120
2388119
2388118
2201758
2167359
2167358
2143780
2136585
2117653
2117652
2117651
2117650
2117649
1974921
1696984
2358987
2358986
2358985
2358984
2358983
2358982
2358981
2358980
2358979
2358978
2358977
2358976
2358975
2358974
2358973
2193139
2193138
2193137
2193136
2162940
1972744
1972743
1972742
1694241
2324904
2324903
2324902
2324901
2324900
2324899
2324898
2324897
2324896
2324895
2324894
2324893
2324892
2324891
2324890
2324889
2324888
2324887
2324886
2182821
2182820
2182819
2182818
2157834
2109054
2109053
2406407
2406406
2406405
2303985
2303984
2303983
2303982
2303981
2303980
2303979
2303978
2303977
2303976
2303975
2303974
2303973
2303972
2303971
2303970
2303969
2303968
2303967
2303966
2303965
2154575
2137535
2135732
2106021
2106020
2324885
2324884
2324883
2324882
2324881
2324880
2324879
2324878
2324877
2324876
2324875
2324874
2324873
2324872
2324871
2324870
2182817
2182816
2182815
2182814
2182813
2182812
2182811
2182810
2182809
2182808
2139115
1969941
2695613
2695612
2695611
2695610
2621536
2621535
2621534
2621533
2621532
2621531
2621530
2621529
2621528
2621527
2621526
2621525
2621524
2621523
2621522
2621521
2621520
2621519
2621518
2533608
2533607
2516123
2516122
2486305
2482881
2693681
2693680
2614630
2614629
2614628
2614627
2614626
2614625
2614624
2614623
2614622
2614621
2614620
2614619
2614618
2614617
2614616
2614615
2614614
2614613
2614612
2515268
2515267
2515266
2809943
2809942
2809941
2809940
2809939
2809938
2809937
2809936
2809935
2809934
2681651
2681650
2681649
2681648
2681647
2681646
2681645
2681644
2572687
2530327
2509667
2509666
2478689
2778574
2778573
2778572
2778571
2778570
2778569
2778568
2778567
2778566
2778565
2778564
2778563
2778562
2778561
2778560
2674384
2674383
2674382
2674381
2674380
2570827
2550602
2550601
2506324
2506323
2506322
2506321
2476536
2723949
2723948
2723947
2723946
2723945
2723944
2723943
2723942
2723941
2723940
2723939
2723938
2723937
2723936
2723935
2723934
2656964
2656963
2566669
2542510
2498500
2498499
2498498
2498497
2785174
2785173
2709275
2709274
2709273
2709272
2709271
2709270
2709269
2709268
2709267
2709266
2709265
2709264
2709263
2709262
2709261
2709260
2651640
2651639
2651638
2651637
2651636
2651635
2565382
2565381
2565380
2496216
2496215
2496214
2785172
2709259
2709258
2709257
2709256
2709255
2709254
2709253
2709252
2709251
2709250
2709249
2709248
2709247
2709246
2709245
2709244
2709243
2651634
2651633
2651632
2540306
2540305
2496213
2496212
2496211
2786561
2732869
2732868
2732867
2732866
2732865
2732864
2732863
2732862
2732861
2732860
2732859
2732858
2732857
2732856
2732855
2732854
2732853
2659760
2567346
2543804
2499674
2499673
2499672
2499671
2471821
3264336
3264335
3264334
3199285
3199284
3199283
3199282
3199281
3199280
3199279
3199278
3199277
3199276
3199275
3199274
3199273
3199272
3199271
3199270
3199269
3199268
3143822
3143821
3143820
3143819
3143818
3143817
3058920
3058919
3058918
3058917
2848941
2848940
3263489
3263488
3263487
3183887
3183886
3183885
3183884
3183883
3183882
3183881
3183880
3183879
3183878
3183877
3183876
3183875
3183874
3183873
3183872
3183871
3183870
3183869
3183868
3141605
3141604
3141603
3141602
3054040
3054039
3054038
3054037
2903232
2903231
2846813
3397855
3397854
3397853
3397852
3397851
3397850
3397849
3397848
3397847
3397846
3397845
3397844
3397843
3397842
3397841
3397840
3397839
3294371
3294370
3135383
3135382
3135381
3135380
2969410
2899622
2899621
2840488
2456383
3385564
3385563
3385562
3385561
3385560
3385559
3385558
3385557
3385556
3385555
3385554
3385553
3385552
3385551
3385550
3385549
3385548
3385547
3385546
3290419
3290418
3290417
3260281
3260280
3260279
3260278
3260277
2898519
2455031
3351718
3351717
3351716
3351715
3351714
3351713
3351712
3351711
3351710
3351709
3351708
3351707
3351706
3351705
3351704
3351703
3351702
3351701
3351700
3351699
3280776
3280775
3127572
3127571
3127570
2895174
2832588
2832587
2832586
2832585
2832584
2832583
2832582
3404360
3404359
3404358
3404357
3335992
3335991
3335990
3335989
3335988
3335987
3335986
3335985
3335984
3335983
3335982
3335981
3335980
3335979
3335978
3335977
3335976
3335975
3335974
3335973
3335972
3335971
3335970
3335969
3335968
3275769
3275768
3121837
3042941
3042940
3042939
3042938
3042937
3042936
2891809
2826745
2457072
3681591
3681590
3681589
3681588
3681587
3681586
3681585
3681584
3681583
3681582
3681581
3681580
3681579
3681578
3681577
3681576
3681575
3681574
3681573
3681572
3681571
3681570
3316588
3316587
3316586
3316585
3316584
3119814
3119813
3119812
3119811
3119810
2824739
2445946
3694381
3694380
3694379
3694378
3694377
3694376
3694375
3694374
3694373
3694372
3694371
3694370
3694369
3694368
3694367
3694366
3694365
3694364
3694363
3694362
3694361
3694360
3501009
3501008
3501007
3320325
3320324
3320323
3121836
3121835
2961862
2891808
2826744
3480949
3430276
3430275
3430274
3430273
3430272
3430271
3430270
3430269
3430268
3430267
3430266
3430265
3430264
3430263
3430262
3430261
3430260
3430259
3430258
3430257
3323444
3323443
3323442
3323441
3123638
3123637
3123636
3123635
3123634
2892905
3501460
3480948
3430256
3430255
3430254
3430253
3430252
3430251
3430250
3430249
3430248
3430247
3430246
3430245
3430244
3430243
3430242
3430241
3430240
3430239
3323440
3323439
3323438
3323437
3123633
3123632
3123631
3123630
2892904
2892903
2828595
2828594
2828593
3694359
3694358
3694357
3694356
3694355
3694354
3694353
3694352
3694351
3694350
3694349
3694348
3694347
3694346
3694345
3694344
3694343
3694342
3694341
3501006
3501005
3320322
3320321
3320320
3121834
3121833
3121832
3121831
2961861
2891807
2826743
3794937
3794936
3794935
3794934
3794933
3794932
3794931
3794930
3794929
3794928
3794927
3794926
3794925
3794924
3540261
3540260
3540259
3540258
3491892
3467056
3098950
3098949
3098948
3098947
3025397
2432210
2432209
3794923
3794922
3794921
3794920
3794919
3794918
3794917
3794916
3794915
3794914
3794913
3794912
3794911
3794910
3794909
3794908
3794907
3794906
3794905
3794904
3794903
3794902
3794901
3794900
3540257
3540256
3540255
3491891
3491890
3467055
3098946
3025396
2947985
2878987
2878986
3761118
3761117
3761116
3761115
3761114
3761113
3761112
3761111
3761110
3761109
3761108
3761107
3761106
3761105
3761104
3761103
3761102
3761101
3531459
3531458
3531457
3531456
3531455
3531454
3489830
3093664
3093663
3093662
3093661
3020220
3020219
3735020
3735019
3735018
3735017
3735016
3735015
3735014
3735013
3735012
3735011
3735010
3735009
3735008
3735007
3735006
3735005
3735004
3525799
3525798
3090223
3090222
3090221
3090220
3090219
3016227
3016226
2942656
2874204
2874203
3755167
3723278
3723277
3723276
3723275
3723274
3723273
3723272
3723271
3723270
3723269
3723268
3723267
3723266
3723265
3723264
3723263
3723262
3723261
3723260
3723259
3723258
3723257
3723256
3723255
3723254
3487630
3088251
3088250
3088249
3088248
3088247
3014104
2873215
3958863
3958862
3958861
3958860
3958859
3958858
3958857
3958856
3958855
3958854
3958853
3958852
3958851
3958850
3958849
3958848
3958847
3958846
3958845
3958844
3958843
3754277
3514833
3514832
3514831
3485710
3083083
3083082
3083081
3083080
3007719
3007718
3007717
2870147
3944748
3944747
3944746
3944745
3944744
3944743
3944742
3944741
3944740
3944739
3944738
3944737
3944736
3944735
3944734
3944733
3944732
3511212
3511211
3484783
3080581
3080580
3080579
3080578
3080577
3080576
3003321
3003320
3003319
2935608
2868087
2868086
4067787
4067786
4067785
4067784
4067783
4067782
4067781
4067780
4067779
4067778
4067777
4067776
4067775
4067774
4067773
4067772
4067771
3934360
3934359
3934358
3906078
3906077
3906076
3906075
2866240
4045643
4045642
4045641
4045640
4045639
4045638
4045637
4045636
4045635
4045634
4045633
4045632
4045631
4045630
4045629
4045628
4045627
4045626
4045625
3930691
3930690
3930689
3930688
3930687
3930686
3930685
3930684
3930683
3876420
3876419
2995632
2931508
4032185
4032184
4032183
4032182
4032181
4032180
4032179
4032178
4032177
4032176
4032175
4032174
4032173
4032172
4032171
4032170
4032169
4032168
4032167
4032166
4032165
4032164
4032163
4032162
4032161
4032160
4032159
3928865
3928864
3875708
3839847
2863342
2863341
2411905
2411904
4040566
4020584
4020583
4020582
4020581
4020580
4020579
4020578
4020577
4020576
4020575
4020574
4020573
4020572
4020571
4020570
4020569
4020568
4020567
4020566
3926982
3926981
3926980
3894611
3894610
3874951
3874950
3874949
2991489
2410583
4039361
3989631
3989630
3989629
3989628
3989627
3989626
3989625
3989624
3989623
3989622
3989621
3989620
3989619
3921686
3921685
3921684
3921683
3886869
3886868
3886867
3872935
3872934
3872933
3872932
3157790
2859362
2859361
2859360
2856845
2580963
2580962
4039001
3981374
3981373
3981372
3981371
3981370
3981369
3981368
3981367
3981366
3981365
3981364
3981363
3981362
3981361
3981360
3981359
3981358
3981357
3981356
3981355
3981354
3920380
3920379
3920378
3884766
3884765
3156982
2984402
2858519
6594493
6568275
6542136
6502386
6502385
6502384
6502383
6502382
6502381
6502380
6502379
6502378
6502377
6502376
6502375
6502374
6502373
6502372
6502371
6502370
6502369
6502368
6502367
6502366
6438296
6438295
6389815
6389814
6389813
6334153
6334152
6334151
6150077
6481572
6481571
6481570
6481569
6481568
6481567
6481566
6481565
6481564
6481563
6481562
6481561
6481560
6481559
6434723
6384461
6384460
6384459
6384458
6384457
6384456
6384455
6384454
6332896
6332895
6237185
6207284
6207283
6090631
6090630
6737194
6737193
6737192
6737191
6737190
6737189
6737188
6737187
6737186
6737185
6737184
6737183
6737182
6737181
6737180
6737179
6737178
6737177
6737176
6610739
6588184
6588183
6429312
6429311
6376754
6376753
6376752
6330339
6145761
6707852
6707851
6707850
6707849
6707848
6707847
6707846
6707845
6707844
6707843
6707842
6707841
6707840
6707839
6707838
6707837
6707836
6538598
6538597
6538596
6423800
6423799
6423798
6423797
6423796
6368790
6368789
6368788
6231361
6694053
6694052
6694051
6694050
6694049
6694048
6694047
6694046
6694045
6694044
6694043
6694042
6694041
6694040
6694039
6694038
6607330
6582249
6582248
6568276
6537974
6502398
6502397
6502396
6502395
6502394
6502393
6502392
6502391
6502390
6502389
6502388
6502387
6438297
6420535
6420534
6420533
6389817
6389816
6363665
6363664
6319656
6319655
6209378
6209377
6209376
6209375
6198503
6150078
6094780
6685761
6685760
6644453
6644452
6644451
6644450
6644449
6644448
6644447
6644446
6644445
6644444
6644443
6606026
6606025
6557138
6417300
6417299
6417298
6417297
6417296
6417295
6417294
6358444
6875760
6875759
6875758
6875757
6875756
6875755
6875754
6875753
6875752
6875751
6875750
6875749
6875748
6688271
6683755
6683754
6603505
6553601
6410036
6348235
6348234
6348233
6348232
6348231
6348230
6308199
6223993
6223992
6192234
6886951
6886950
6886949
6886948
6886947
6886946
6886945
6886944
6886943
6886942
6886941
6886940
6886939
6886938
6886937
6886936
6886935
6886934
6886933
6685763
6685762
6644482
6644481
6644480
6644479
6644478
6644477
6644476
6644475
6644474
6644473
6644472
6644471
6644470
6644469
6644468
6644467
6644466
6644465
6644464
6644463
6644462
6644461
6644460
6644459
6644458
6644457
6644456
6644455
6644454
6620065
6620064
6620063
6620062
6620061
6620060
6620059
6620058
6620057
6620056
6620055
6620054
6620053
6620052
6620051
6620050
6620049
6604799
6604798
6604150
6578316
6417310
6417309
6417308
6417307
6417306
6417305
6417304
6417303
6417302
6417301
6413670
6413669
6413668
6413667
6413666
6411891
6411890
6411889
6411888
6411887
6358448
6358447
6358446
6358445
6352892
6352891
6352890
6352889
6350555
6315908
6312009
6310076
6227717
6227716
6225850
6196472
6196471
6196470
6139424
7186073
7186072
7186071
7186070
7186069
7186068
7186067
7186066
7186065
7186064
7186063
7186062
7186061
7186060
7186059
7186058
7186057
7186056
7186055
7186054
7186053
7186052
7186051
7186050
7186049
7186048
7186047
7186046
7186045
7186044
7186043
7186042
7186041
7186040
7186039
7186038
7186037
7186036
7186035
7186034
7186033
7186032
7186031
7186030
7186029
7186028
7186027
7186026
7186025
7186024
7186023
7186022
7186021
7186020
7186019
7186018
7186017
6985262
6985261
6985260
6985259
6926538
6926537
6897898
6892253
6892252
6892251
6892250
6892249
6821117
6821116
6821115
6821114
6821113
6821112
6821111
6821110
6821109
6821108
6821107
6821106
6764512
6764511
6764510
6764509
6764508
6764507
6764506
6764505
6310075
6310074
6310073
6224925
6224924
6224923
6224922
6193263
6193262
6193261
6193260
6136579
6136578
