31287863
31287855
31287854
31276165
31276162
31276154
31265730
31265724
31265061
31265060
31251335
31247107
31247090
31247077
31247074
31247072
31247069
31246248
31228348
31228242
31222305
31222304
31220259
31220252
31219158
31216573
31211836
31211831
31211827
31199863
31189013
31184366
31184363
31173627
31173626
31165856
31141607
31141130
31127829
31127806
31115454
31115448
31112614
31112238
31107535
31095706
31095705
31095704
31095703
31095702
31095701
31095681
31091322
31087042
31087034
31077582
31077307
31077300
31077295
31077291
31067308
31067299
31066456
31066449
31054246
31050763
31050736
31050734
31050733
31039252
31039246
31039244
31022727
31006801
31002341
30990222
30989217
30989212
30989208
30980714
30980713
30980712
30958546
30947328
30934058
30934057
30934053
30934050
30931477
30925193
30919910
30918969
30918952
30918945
30918941
30916332
30889247
30889246
30888037
30888019
30888016
30883639
30877772
30877770
30874291
30869794
30863855
30861068
30856253
30852592
30851039
30840762
30840761
30840758
30839057
30838390
30838381
30824939
30824907
30821832
30810748
30801121
30796823
30794289
30794281
30794280
30793155
30789982
30776300
30776076
30772910
30772902
30759216
30753560
30753551
30753510
30753482
30753481
30753466
30753456
30753443
30726913
30715364
30698787
30698715
30698700
30689871
30689858
30668755
30668727
30668719
30624658
30624631
30615124
30615117
30615113
30605549
30605536
30601999
30601983
30597066
30597035
30597024
30597020
30590700
30590697
30590590
30590558
30576474
30576451
30576449
30561647
30561629
30561627
30551218
30551205
30551185
30544149
30544140
30535387
30535351
30535303
30535149
30535148
30534988
30534963
30517646
30517639
30500938
30496418
30476314
30476086
30476077
30476074
30462287
30462267
30462236
30462201
30452656
30452647
30452638
30445527
30445504
30428061
30418558
30407527
30407525
30395256
30395221
30388243
30380064
30380063
30380035
30365009
30358848
30358844
30358838
30346536
30346531
30346529
30346528
30335139
30329067
30329049
30329045
30321333
30321331
30312432
30312415
30312414
30312402
30312400
30312391
30304444
30295909
30295831
30295818
30295815
30295811
30295786
30295784
30295781
30295747
30295735
30295733
30295722
30289450
30265311
30265309
30265308
30265300
30265299
30260451
30256953
30256951
30256949
30247551
30239799
30215805
30215734
30215730
30215718
30212871
30204873
30204872
30204869
30204864
30203036
30202960
30169820
30169698
30169584
30169582
30169572
30165638
30165525
30165490
30137352
30137322
30124884
30124882
30124837
30124832
30124831
30107577
30107552
30099529
30099509
30099508
30099495
30085215
30085159
30085146
30085137
30085135
30085111
30085083
30085080
30085060
30053083
30053064
30052982
30052980
30020478
30020451
30016434
30016430
30010908
29992302
29992248
29986021
29986015
29986006
29982686
29982654
29982646
29982631
29982526
29982480
29982468
29961860
29961844
29961815
29955853
29947795
29947781
29945208
29939252
29931368
29931191
29931102
29920603
29920595
29920582
29920581
29912413
29912382
29912339
29893950
29893949
29893932
29893923
29893866
29889235
29889233
29889230
29889228
29889226
29873720
29868876
29868777
29868764
29860529
29860492
29860388
29860326
29860270
29850914
29850873
29850827
29850815
29850811
29846623
29846617
29846600
29846595
29846593
29846590
29846579
29846576
29800145
29800143
29796658
29796655
29796641
29796620
29788474
29788469
29788416
29788410
29788407
29788391
29788385
29788383
29788382
29788368
29788367
29788362
29788361
29788360
29788359
29788358
29788338
29788323
29788318
29788306
29788291
29788288
29788272
29788271
29788269
29788266
29788262
29788260
29788244
29788240
29788235
29788234
29788224
29788218
29788214
29788186
29788152
29788141
29788137
29788127
29788122
29788102
29788100
29788098
29788092
29788078
29788077
29788069
29788063
29788058
29788055
29788053
29771341
29771339
29762666
29757378
29757370
29733370
29733354
29726958
29726897
29722891
29722832
29722829
29722812
29718450
29718414
29718408
29718391
29718370
29718356
29718343
29718341
29718327
29718324
29718311
29718309
29718308
29718299
29718278
29718260
29718259
29718255
29718243
29718241
29718237
29718228
29718226
29718225
29718224
29718223
29718222
29718221
29718220
29718218
29718216
29701818
29697845
29697827
29697810
29697797
29697792
29697791
29697788
29697787
29688480
29688479
29688478
29688477
29688476
29688475
29688474
29688473
29688472
29688471
29688470
29688469
29688468
29688467
29688466
29688465
29688464
29688413
29688409
29688401
29688396
29688336
29669068
29669052
29669023
29669006
29668998
29668995
29668991
29668982
29668974
29668968
29668961
29668957
29668955
29668948
29668947
29668944
29668937
29668929
29668922
29668921
29668919
29668917
29668916
29668915
29668914
29668911
29668901
29668897
29668894
29668893
29617820
29562280
29562279
29562278
29562277
29562276
29562275
29562274
29562273
29562272
29562271
29562270
29554295
29554272
29554260
29548010
29547993
29546384
29538683
29538682
29529212
29529206
29529198
29529194
29528400
29522202
29522170
29522131
29522107
29522100
29522099
29509927
29506217
29506137
29506124
29506071
29506048
29462402
29462401
29462400
29462399
29462398
29462397
29462396
29462395
29462394
29462393
29462392
29462391
29462390
29462389
29462388
29462387
29462386
29462385
29462384
29462383
29462382
29462381
29462380
29462379
29462378
29462377
29462336
29390113
29390104
29361106
29361105
29361104
29361103
29361102
29361101
29361100
29361099
29361098
29361097
29361096
29361095
29361094
29361093
29361092
29361091
29361090
29361089
29361088
29361087
29361086
29361085
29361084
29361083
29272496
29272495
29272494
29272493
29272492
29272491
29272490
29272489
29272488
29272487
29272486
29272485
29272484
29272483
29272482
29272481
29272480
29272479
29272478
29272477
29272476
29272475
29272474
29140944
29140943
29140942
29140941
29140940
29140939
29135694
29135693
29084081
29084080
29084079
29084078
29084077
29064856
29045262
29045261
29040140
29028735
29023267
29023266
29019858
29019857
29019856
28991860
28991859
28991858
28991857
28991856
28991855
28961604
28945638
28945637
28945636
28945635
28930861
28922254
28922253
28922252
28906296
28906295
28906294
28906293
28906292
28906291
28906290
28906289
28906288
28902124
28902123
28885230
28885229
28885228
28858074
28858073
28858072
28858071
28858070
28858069
28858068
28837525
28837524
28837523
28837522
28837521
28837520
28837519
28837518
28837517
28837516
28837515
28817463
28817462
28817461
28817460
28816762
28816761
28816760
28816759
28816758
28816757
28816756
28816755
28816754
28806280
28795970
28795969
28786870
28786869
28786868
28786867
28786866
28786865
28777099
28722691
28719543
28719542
28719541
28719540
28719539
28708807
28708806
28708805
28708804
28708803
28708802
28700535
28700534
28700533
28696957
28696956
28691941
28691940
28691939
28691933
28682807
28671873
28644186
28644185
28644184
28644183
28644182
28644181
28644180
28617758
28617757
28617756
28617755
28617754
28613229
28613228
28604416
28604415
28604414
28594651
28590344
28590343
28590342
28590341
28590340
28570431
28570430
28570429
28570428
28520589
28520588
28520587
28520586
28511200
28511199
28511198
28509818
28509817
28509816
28505053
28505052
28498159
28498158
28498157
28498156
28498155
28498154
28498153
28498152
28486256
28486255
28471836
28471835
30052985
30052984
30052983
28452864
28452863
28452862
28452861
28445247
28445246
28445245
28445244
28426474
28426473
28426472
28426461
28426460
28426459
28426458
28426457
28426456
28426455
28426454
28426453
28426452
28426451
28426450
28410345
28410344
28410343
28410342
28410341
28410340
28394808
28394807
28394806
28394805
28375885
28368911
28368910
28368909
28368908
28346274
28346273
28333755
28328627
28328626
28328625
28328624
28328623
28328621
28301432
28301431
28301430
28301429
28301428
28296828
28296827
28296826
28296825
28296824
28296823
28296822
28296821
28296820
28296819
28296818
28296817
28267049
28267048
28267047
28267046
28267045
28267044
28267043
28230560
28230558
28221253
28221252
28221251
28221250
28221249
28221248
28221247
28221246
28195852
28195851
28178003
28178002
28151736
28151735
28146005
28146004
28146003
28146002
28129289
28129288
28129287
28129286
28107281
28107280
28107279
28107278
28092308
28092307
28092306
28092305
28079627
28079626
28079625
28079624
28079623
28079622
28079621
28079620
28079619
28079618
28079617
28002133
28002132
28002131
28002130
28002129
28002128
28002127
28002125
28002124
27997435
27997434
27997433
27997432
27930413
27930412
27930411
27930410
27930409
27930408
27930407
27930406
27930405
27893546
27893545
27893544
27893543
27861181
27849634
27846194
27846193
27846192
27846191
27846190
27824654
27824653
27824652
27824651
27824650
27824649
27824648
27824646
27824645
27805918
27779499
27763952
27763951
27763950
27760080
27760079
27760078
27760077
27760076
27755275
27755274
27755273
27755272
27755271
27755270
27755269
27755268
27755267
27755216
27755215
27755214
27753695
27753694
27753693
27753692
27753691
27749455
27661669
27661668
27661667
27636379
27618505
27618504
27618503
27618502
27585411
27537054
27749376
27636380
27631600
27631599
27607336
27607335
27607334
27598744
27598743
27598742
27598741
27598740
27598739
27598738
27580387
27580386
27580385
27580384
27580383
27575496
27575495
27575494
27564646
27556837
27556836
27542143
27542142
27542141
27542140
27542139
27542138
27542137
27542136
27542135
27542134
27542133
27542132
27542131
27542130
27542129
27542128
27542127
27542126
27542125
27537055
27537053
27537052
27508516
27508515
27508514
27508513
27508512
27508511
27508510
27508509
27482980
27482979
27482978
27482977
27482976
27482975
27482974
27482973
27482972
27416049
27416048
27416047
27416046
27416045
27416044
27416043
27416042
27416041
27416040
27416039
27400222
27379446
27379445
27306074
27306073
27306072
27306071
27306070
27306069
27306068
27306067
27306066
27271498
27271497
27271496
27271495
27271494
27271493
27271492
27271491
27271490
27271489
27271488
27271487
27243595
27243594
27243593
27243592
27243591
27243590
27206018
27206017
27206016
27206015
27182771
27167574
27167573
27167572
27167571
27135487
27135486
27135485
27135484
27135483
27135482
27135481
27135480
27135479
27120573
27120572
27120571
27120570
27120569
27120568
27120567
27104830
27104829
27104828
27104827
27104826
27104825
27104824
27104823
27104822
27104821
27104820
27104819
27104818
27104817
27104816
27096566
27070911
27070910
27070909
27057689
27057688
27057687
27057686
27057685
27057684
27057683
27057682
27057681
27057680
27057679
26978729
26978728
26978727
26978726
26978725
26978724
26978723
26978722
26974852
26963567
26963566
26963565
26958988
26954709
26954708
26954707
26950312
26950311
26950310
26950309
26950308
26950307
26950306
26937624
26937623
26937622
26933752
26933751
26933750
26933749
26933748
26933747
26926040
26926039
26926038
26926037
26919462
26919461
26919460
26919459
26919458
26914438
26914437
26914436
26894839
26891262
26891261
26891260
26891259
26891258
26891257
26891256
26891255
26871398
26863267
26863266
26848519
26848518
26841225
26841224
26841223
26841222
26835982
26835981
26829410
26829409
26829408
26829407
26818426
26818425
26818424
26818423
26818422
26818421
26818420
26818419
26818418
26818417
26809008
26756695
26756694
26752476
26752475
26752474
26752473
26752472
26752471
26752470
26752469
26752468
26752467
26752466
26752465
26752464
26752463
26752462
26752461
26717321
26717320
26717319
26717318
26689599
26689598
26658216
26658215
26658214
26650150
26650149
26650148
26619054
26595558
26595557
26595556
26595555
26595554
26595553
26595552
26595551
26595550
26595549
26595423
26595422
26588090
26588089
26588088
26583935
26566247
26540278
26540277
26540276
26535870
26535869
26535767
26535766
26529562
26529561
26529560
26529559
26512716
26512715
26509756
26484636
26484635
26480299
26457382
26457381
26457380
26457379
26444104
26444103
26426148
26422520
26422519
26422518
26422517
26422516
26422515
26398853
26398711
26398710
26398709
26398708
26389819
26383915
26383914
26383913
26383912
26360545
26355470
26355469
26355468
26355467
26355466
26355465
26355464
26348448
26348447
26332314
26332313
26332312
26332311
26332310
26332309
26332308
26332307
26313696
26313695
26313694
26313693
26313692
26313691
26308440
26308439
26308438
26296064
26296063
26296062
26296061
26288002
26288001
26288000
26287999
26284298
26284297
26284296
26284295
26284294
26273818
26273817
26273816
26263469
26244651
26244650
26244649
26244648
26244647
26241001
26241000
26240999
26236952
26230863
26230862
26230861
26230860
26226142
26222341
26222340
26222339
26218145
26218144
26218143
26218142
26218141
26218140
26218139
26218138
26214808
26199993
26199992
26199991
26199990
26199989
26199988
26197453
26197452
26197451
26197450
26197449
26197448
26197447
26197446
26197384
26197383
26193349
26193348
26193347
26185909
26181430
26181429
26181428
26177305
26177304
26177303
26164668
26164667
26164666
26164665
26164664
26164663
26164662
26154138
26154137
26154136
26154135
26115075
26115074
26111214
26111213
26111212
26111211
26111210
26111209
26099067
26099066
26099065
26086596
26086595
26083618
26083617
26083616
26083615
26076056
26070004
26070003
26070002
26070001
26067717
26060932
26052967
26050071
26035036
26020605
26020604
26020603
26020602
26020601
26002542
25993695
25993694
25993693
25993692
25993691
25993690
25993689
25993688
25993687
25989341
25989340
25989339
25989338
25989337
25985250
25985249
25985248
25985247
25985246
25985245
25985244
25985243
25985242
25985118
25970546
25970545
25970544
25966839
25966838
25966837
25961910
25946569
25946568
25939043
25939042
25939041
25939040
25939039
25933395
25933394
25933393
25933392
25919977
25919976
25901974
25901973
25901972
25901971
25895113
25895112
25895111
25895110
25895109
25895009
25895008
25895007
25895006
25895005
25856771
25856770
25856769
25856768
25851564
25851563
25844963
25844962
25844961
25844960
25844959
25844958
25839777
25839776
25839775
25834857
25822014
25822013
25822012
25822011
25822010
25811432
25806847
25806846
25806845
25803508
25803507
25803506
25803505
25803504
25803503
25793328
25793327
25793326
25793325
25793324
25789924
25789923
25789922
25789921
25751068
25751067
25751066
25742401
25742400
25742399
25742398
25742397
25742396
25738380
25738379
25738378
25738377
25738376
25738375
25738374
25738373
25738372
25734694
25723616
25723615
25723614
25719529
25719528
25687266
25659088
25659087
25659086
25659085
25647156
25647155
25647154
25647153
25636123
25636122
25636121
25636120
25633560
25628040
25625487
25590953
25590952
25581835
25581834
25581833
25581832
25581831
25581830
25581829
25581828
25581827
25581826
25581825
25581824
25569743
25569742
25569741
25569740
25569739
25569738
25569737
25569736
25569735
25569734
25569733
25569732
25563695
25563694
25545379
25545378
25545377
25545376
25545375
25545374
25517600
25517599
25517598
25517597
25517596
25517595
25517594
25517593
25504236
25489961
25489960
25479461
25479460
25479459
25479458
25461621
25437823
25437822
25437821
25437820
25437819
25437818
25437817
25437816
25437815
25437814
25401722
25401721
25397896
25397895
25397894
25397893
25397892
25374290
25374289
25358066
25358065
25358064
25358063
25358062
25358061
25337866
25299544
25299543
25272188
25268637
25268636
25268635
25268634
25265263
25265262
25251059
25248007
25248006
25248005
25248004
25248003
25248002
25248001
25230170
25230169
25230168
25230167
25230166
25230165
25230164
25230163
25230162
25222665
25222664
25222663
25222662
25222661
25222660
25222659
25222658
25222657
25222656
25222655
25215614
25215613
25208109
25208108
25208107
25208106
25208105
25208104
25208103
25192499
25192498
25192497
25185690
25185689
25185688
25185687
25185686
25185685
25185684
25185683
25171511
25171510
25171509
25171508
25167215
25167214
25167213
25159457
25159456
25159455
25159454
25159453
25159452
25153506
25153505
25153504
25153503
25144571
25144570
25137418
25137417
25137416
25137415
25118609
25105949
25105948
25105947
25105946
25078150
25072502
25072501
25072500
25072499
25069030
25054338
25054337
25054336
25046009
25046008
25046007
25036758
25033161
25029618
25029617
25029616
25029615
25029614
25025717
25025716
25025715
25025714
24991785
24991784
24983987
24983986
24983985
24983984
24983983
24983982
24983981
24983980
24983979
24983978
24983977
24983976
24983975
24983974
24983973
24918325
24918324
24918323
24918322
24918321
24918320
24918319
24918318
24896241
24892966
24892965
24874462
24874461
24874460
24874459
24874458
24874457
24874456
24871805
24865779
24865778
24865777
24859302
24859301
24859300
24859299
24859298
24859297
24859296
24859295
24846722
24846721
24846720
24846719
24846718
24831561
24831560
24831559
24831558
24810138
24810137
24798637
24798636
24788222
24788221
24788220
24788219
24788218
24788217
24788216
24788215
24788041
24788040
24739633
24739632
24739631
24739630
24704822
24694795
24694794
24694793
24694792
24694791
24691115
24691114
24691113
24691112
24681656
24681655
24681654
24681653
24662058
24662057
24651585
24651584
24651583
24651582
24651581
24583479
24583478
24583477
24583476
24577115
24577114
24572209
24572208
24572207
24572206
24572205
24572204
24569242
24562176
24562175
24562174
24562173
24552830
24552829
24552828
24552827
24518606
24518605
24518604
24492313
24487273
24487272
24487271
24481050
24481049
24451222
24451221
24451220
24445775
24418904
24418903
24412994
24412993
24412992
24412991
24412990
24407487
24407486
24407485
24407484
24390064
24390063
24390062
24378599
24378598
24378597
24378596
24374883
24374882
24374881
24374880
24374879
24374878
24374877
24374876
24374875
24374874
24374873
24356385
24351661
24351660
24297056
24297055
24297054
24288779
24284415
24284414
24284413
24280883
24280882
24280881
24280880
24280879
24280878
24280877
24280876
24280875
24280874
24252978
24252977
24247652
24247651
24247650
24247649
24240708
24216689
24216688
24216687
24216686
24216685
24193156
24193155
24193154
24193153
24193152
24189042
24189041
24185313
24185312
24185311
24145928
24145927
24141713
24141712
24141711
24141710
24132161
24132160
24108115
24108114
24108113
24108112
24108111
24108110
24105395
24105394
24105393
24105392
24105391
24105390
24097228
24097227
24051933
24051932
24051931
24030525
24030524
24022642
24013361
24013360
24013359
23989750
23974995
23974994
23974993
23974992
23974991
23966065
23962898
23962897
23962896
23959138
23949622
23949621
23949620
23945187
23945186
23945185
23945184
23945183
23945182
23942564
23942563
23929262
23929261
23917252
23917251
23917250
23917249
23917248
23917247
23899547
23899546
23899545
23899544
23899543
23899542
23899541
23899540
23899539
23893082
23893081
23883960
23883959
23867875
23867874
23867873
23867872
23867871
23867870
23867869
23863401
23860567
23860566
23851640
23846490
23846489
23846488
23846487
23846486
23839229
23839228
23835444
23835443
23835442
23835441
23823704
23820270
23811638
23811637
23811636
23811635
23792552
23792551
23782793
23765177
23765176
23759996
23751398
23751397
23751396
23749273
23749272
23714677
23714676
23702810
23702809
23702808
23702807
23702806
23702805
23702804
23702714
23702713
23702712
23694943
23689809
23689808
23689807
23689806
23669404
23669403
23669402
23669401
23669400
23669399
23665967
23665966
23665965
23665964
23665963
23660997
23660996
23656897
23656896
23644824
23644823
23635716
23635715
23624890
23624889
23624888
23624887
23624886
23624885
23624884
23619719
23619718
23619717
23619716
23619715
23619714
23615530
23615529
23615528
23615483
23598818
23598817
23598816
23598815
23598814
23598813
23594837
23591600
23591599
23591598
23584130
23574760
23574759
23574758
23567784
23567783
23567782
23567781
23567780
23567779
23567778
23567777
23567776
23552767
23552766
23552765
23552764
23552763
23542534
23542533
23538853
23535248
23535247
23528339
23524595
23518812
23518811
23518810
23518809
23518808
23518807
23518806
23518805
23518804
23514878
23511037
23511036
23511035
23511034
23511033
23511032
23511031
23511030
23511029
23502355
23502354
23502353
23493075
23493074
23485910
23478808
23478807
23478806
23478805
23478804
23474780
23474779
23470503
23470502
23455720
23448796
23448795
23448794
23448793
23448792
23448791
23448790
23448789
23448788
23446340
23446339
23446338
23446337
23446336
23446335
23446334
23446333
23435403
23435402
23435401
23435400
23435399
23429466
23429465
23429464
23429463
23429462
23429461
23429460
23429459
23429451
23429450
23429449
23429448
23429447
23429446
23429445
23429444
23429443
23429442
23407045
23407044
23407043
23399739
23399738
23399737
23399736
23399735
23392347
23388547
23388546
23388545
23388544
23388543
23385241
23385240
23385239
23380937
23380936
23380935
23380934
23377171
23377170
23354318
23348121
23348120
23344243
23340680
23340679
23334398
23328774
23328773
23328772
23328771
23328770
23314247
23314246
23314245
23314244
23314243
23292352
23292351
23292350
23292349
23287897
23282581
23282580
23236615
23236614
23161570
23070952
23070951
22689633
22685032
22685021
22685013
22674826
22649037
22649027
22648999
22644957
22644954
22644716
22623078
22619032
22605673
22605668
22605661
22605655
22605641
22605623
22605611
22593026
22573600
22573581
22573572
22573565
22573543
22573536
22570259
22570250
22552994
22552963
22552948
22552908
22552871
22550024
22550014
22539420
22535619
22535599
22535584
22535573
22532373
22532319
22532293
22517779
22517503
22517473
22508685
22508681
22508677
22508665
22508661
22508526
22508484
22508450
22508420
22508402
22508383
22508364
22508327
22508292
22508268
22488969
22488947
22488927
22488912
22488891
22488866
22488830
22467598
22467562
22467533
22467521
22467511
22467262
22467242
22467224
22467185
22467146
22447429
22447396
22447376
22434682
22434667
22434654
22434643
22434610
22431488
22419661
22419656
22419649
22419617
22419609
22416019
22411504
22407929
22407904
22407885
22407855
22407820
22407798
22374925
22374913
22374887
22374877
22374585
22359410
22359399
22359378
22359369
22359277
22345044
22344983
22344973
22344964
22344959
22344932
22344873
22344863
22337359
22337338
22337144
22334887
22334479
22314878
22294554
22294550
22294522
22294515
22294506
22294498
22294486
22294465
22294449
22294426
22294413
22294342
22294313
22287300
22275341
22275340
22275339
22275336
22275320
22275310
22275300
22275295
22275287
22275268
22271569
22271547
22271508
22271489
22271464
22271441
22262626
22253031
22241699
22241690
22241684
22241679
22241674
22241668
22241664
22238186
22238178
22238172
22238154
22238138
22238116
22234954
22231897
22231796
22231740
22223592
22223566
22223542
22223533
22223513
22223492
22223479
22223472
22183876
22180343
22180044
22180018
22180002
22179973
22179943
22179924
22170749
22162423
22162025
22162005
22161986
22161965
22161935
22147542
22147522
22147506
22147497
22147460
22147427
22147390
22072394
22139830
22134947
22127817
22127789
22114048
22114034
22114016
22114001
22113988
22109963
22109958
22109956
22109913
22102318
22095787
22081542
22081541
22081522
22081510
22081509
22081499
22081497
22081474
22072315
22069246
22069243
22069240
22069120
22069060
22069022
22038899
22038892
22038884
22038871
22038857
22038840
22028245
22021207
22021194
22021180
22021169
22021154
22021134
22009735
22009715
21994190
21994179
21994160
21994075
21994045
21994005
21993975
21993924
21990211
21987487
21987473
21987459
21987450
21987436
21987429
21987418
21987406
21987390
21987382
21987371
21987356
21987302
21987301
21987300
21987299
21987298
21987297
21987296
21953938
21953900
21953882
21953855
21953829
21953808
21936034
21936033
21936032
21936031
21936030
21936029
21936028
21928375
21928374
21928373
21928372
21928371
21910182
21910181
21910180
21910179
21910178
21910177
21910176
21910175
21910174
21910173
21910172
21910171
21910170
21910169
21910168
21910167
21910166
21910165
21905173
21905171
21898702
21898701
21887732
21887731
21887730
21887729
21887728
21887727
21887726
21882301
21837776
21837775
21837774
21837773
21830282
21830281
21830280
21830279
21830278
21830277
21830276
21830275
21830274
21830273
21830272
21830271
21830270
21830269
21830268
21830267
21830266
21830265
21830264
21830263
21830262
21826768
21826767
21826766
21826765
21823214
21805543
21793128
21793127
21793126
21793125
21761513
21761512
21761511
21761510
21751301
21744440
21744439
21744438
21744437
21744436
21744435
21744434
21744433
21744432
21744431
21744430
21744429
21744428
21744427
21744426
21744425
21744424
21744423
21744422
21744421
21744420
21739539
21739538
21739537
21739536
21739535
21739534
21739533
21739532
21739531
21739530
21710539
21710538
21710537
21710535
21710534
21710533
21698720
21688353
21688352
21688351
21688350
21688349
21688348
21674732
21674731
21674730
21674729
21674728
21674727
21674726
21674725
21674724
21674723
21674722
21674721
21674720
21674719
21674718
21674717
21674716
21674715
21674714
21674713
21674712
21674711
21674710
21674709
21674708
21674707
21674706
21674705
21674704
21674703
21648023
21648022
21648021
21648020
21630389
21618366
21618365
21618364
21618363
21618362
21618361
21618360
21618359
21618358
21618357
21618356
21618355
21618354
21618353
21618352
21618351
21618350
21604334
21604333
21604332
21604331
21604330
21604329
21604328
21594955
21567666
21560206
21560205
21560204
21560203
21560202
21560201
21560200
21560199
21560198
21560197
21560196
21560195
21560194
21560193
21560192
21560191
21560190
21557399
21557398
21557397
21557396
21557395
21557394
21557393
21542069
21542068
21542067
21542066
21542065
21538722
21538721
21538720
21538719
21538718
21538717
21538716
21538715
21538714
21538713
21538711
21538710
21509912
21509911
21509910
21509909
21509908
21495121
21484969
21484968
21484967
21484966
21484965
21484964
21484963
21484962
21484961
21484960
21484959
21484958
21484957
21480439
21480438
21472830
21472829
21472828
21472827
21472826
21472825
21472824
21456045
21456044
21456035
21456034
21456033
21456032
21438101
21438100
21438099
21438098
21438097
21438096
21438095
21438094
21433226
21425216
21425215
21425214
21425213
21425212
21425211
21425210
21425209
21425208
21416564
21391291
21391290
21391289
21391288
21391287
21391286
21381156
21381155
21381154
21381153
21381152
21370319
21351218
21351217
21351216
21351215
21351214
21351213
21351212
21351211
21351210
21351209
21351208
21351207
21351206
21351205
21351204
21351203
21351202
21351201
21351200
21351199
21351198
21337672
21337671
21337670
21337669
21337668
21337477
21319276
21319275
21319274
21312318
21308881
21308880
21305678
21305677
21290484
21290483
21290482
21290481
21290480
21287677
21287676
21287675
21287674
21287673
21287672
21287671
21287670
21287669
21287668
21287667
21287666
21287665
21287664
21287663
21287662
21287661
21287660
21287659
21246669
21225906
21225905
21182023
21157881
21136586
21113948
21104734
21089179
21061388
21058331
21053358
21053357
21053248
21053245
20949566
20945458
20945351
20878757
20878756
20878755
20878754
20878712
20872836
20872835
20872834
20872833
20872832
20865702
20860048
20853434
20853433
20853432
20848548
20848547
20848546
20848545
20848544
20848543
20848542
20848541
20848540
20848539
20848538
20848537
20848536
20848535
20848534
20848533
20848532
20848531
20848530
20848529
20848528
20848527
20848526
20848525
20848524
20848523
20848522
20848521
20848520
20848519
20848518
20848517
20848516
20848515
20848514
20848513
20848512
20848511
20848510
20848509
20848508
20848507
20848506
20848505
20848504
20848503
20848502
20848501
20848500
20848499
20848498
20848497
20848496
20848495
20848494
20848493
20848492
20848491
20848490
20848489
20848488
20848487
20848486
20848485
20848484
20848483
20848482
20848481
20848480
20848479
20848478
20848477
20848476
20848475
20848474
20848473
20848472
20848471
20848470
20848469
20848468
20848467
20848466
20848465
20848464
20848463
20848462
20848461
20848460
20848459
20848458
20848457
20848456
20848455
20848454
20848453
20845425
20842645
20842644
20842643
20839313
20839241
20824819
20824818
20824817
20824816
20824815
20824814
20824813
20824812
20818674
20815042
20815038
20812335
20812334
20812333
20812332
20812331
20812330
20812329
20806343
20806342
20806341
20806340
20803700
20803699
20803698
20803697
20803510
20803508
20725949
20725944
20725943
20722069
20722068
20722067
20722066
20722065
20722064
20722063
20722062
20722061
20722060
20722059
20722058
20722057
20722056
20722055
20722054
20722053
20722052
20722051
20687192
20684017
20684016
20684014
20684012
20684009
20645323
20645322
20645321
20645320
20645319
20645318
20645317
20645316
20645315
20645314
20629185
20629184
20629183
20629182
20629181
20629105
20629104
20629103
20629102
20629101
20629100
20629099
20629098
20629092
20623698
20623697
20602470
20602469
20602468
20602467
20602466
20602465
20593432
20577975
20564651
20564537
20564536
20564535
20564534
20564533
20564532
20564531
20480515
20310020
20310017
20310016
20310015
20310013
20310012
20310011
20232408
20232407
20222141
20222140
20222127
20222126
20222124
20222123
20222122
20222120
20198712
20196149
20196148
20186946
20186945
20186944
20186943
20186941
20186940
20186939
20186938
20186935
20186934
20186933
20186932
20186931
20186930
20186929
20162539
20155851
20155850
20155849
20155848
20155846
20155845
20155842
20146344
20135625
20128011
20128005
20128003
20128002
20128000
20127998
20127995
20127994
20127992
20091926
20073053
20052780
20049952
20049951
20049950
20049949
20049948
20049947
20049946
20049945
20049944
20027656
20027655
20027654
20027652
20027650
20027649
20027648
20027647
20027605
20027604
20027603
20024905
20024904
20024903
20024902
20014022
20014021
20014020
20014019
20014018
20014017
20014016
19998462
19998461
19998460
19998458
19998457
19998456
19998455
19998454
19924809
19924808
19924807
19924805
19924804
19924803
19924800
19924799
19918968
19918967
19902548
19902547
19902545
19902541
19902539
19885908
19885907
19885906
19885905
19885904
19885903
19856420
19856416
19856415
19856414
19856411
19856410
19844957
19834978
19834977
19834976
19834975
19834974
19834973
19834972
19834971
19834970
19834969
19827137
19824071
19824070
19824069
19824068
19821511
19821510
19821509
19821508
19821507
19821506
19798731
19795509
19785028
19774649
19774648
19774647
19774646
19774645
19774643
19774642
19760783
19760782
19760781
19760780
19760779
19760778
19760776
19760775
19760754
19753639
19728389
19728388
19714767
19714766
19714765
19714764
19714763
19714762
19714761
19714760
19714759
19714758
19714757
19714756
19714755
19714754
19714753
19714751
19714750
19714749
19714748
19714747
19714746
19714745
19714744
19714743
19714742
19708058
19705419
19705418
19705417
19705416
19705415
19705414
19693963
19685489
19685454
19685453
19685452
19685451
19685450
19685449
19685447
19653291
19653290
19653289
19653288
19653287
19653286
19639560
19639559
19639558
19639557
19637389
19637388
19637386
19637385
19637384
19637383
19637380
19637363
19637362
19637361
19637360
19637359
19637358
19637347
19637338
19637337
19637336
19637335
19637334
19637333
19637332
19637331
19637325
19618462
19610077
19591135
19591134
19591133
19591132
19575363
19575362
19575361
19575360
19575359
19575358
19575357
19575356
19575355
19575354
19575353
19572377
19572375
19572374
19572373
19572372
19572337
19572336
19572335
19526528
19526527
19504618
19504617
19504616
19504615
19504614
19504613
19504612
19504611
19479745
19475674
19472359
19462435
19462434
19462433
19462432
19462431
19462430
19462429
19462428
19462427
19462426
19462424
19462423
19462422
19462421
19452532
19434735
19434722
19434721
19418567
19418566
19408341
19408340
19408339
19408338
19408337
19408336
19408335
19408334
19408329
19408327
19408324
19408323
19408322
19408321
19408320
19408319
19408317
19408254
19373790
19373789
19373788
19365826
19363799
19363798
19340882
19340881
19340880
19340879
19338051
19334074
19334001
19326358
19322907
19322906
19322905
19322903
19322902
19322901
19322899
19309716
19291781
19291780
19291779
19266574
19266573
19266572
19266569
19266568
19266566
19253375
19253308
19253307
19253306
19235918
19235917
19235915
19235914
19235913
19235912
19235911
19235910
19235909
19235886
19235885
19229992
19229991
19229988
19229982
19229980
19226514
19217020
19213060
19202573
19202572
19202571
19202570
19180581
19180580
19177548
19177509
19177429
19177428
19177427
19177426
19170193
19170192
19170191
19161180
19161179
19161178
19161177
19145641
19145640
19143006
19137610
19137606
19137605
19137604
19137602
19133689
19130620
19130619
19130618
19130617
19130616
19107795
19107785
19107784
19107783
19107782
19107781
19107779
19107778
19107777
19107776
19107775
19107774
19107773
19107772
19107771
19097231
19097230
19097229
19097162
19090560
19090558
19090557
19085998
19085995
19067432
19067431
19067430
19067429
19067428
19067425
19067420
19067417
19067416
19067415
19067414
19067413
19067412
19067411
19067410
19067409
19067408
19058233
19058232
19058231
19058230
19058229
19058228
19037851
19023901
19023900
19023899
19023898
19023897
19023896
19023863
19023862
19023861
19009635
19009634
19009607
19009603
18989894
18989893
18985746
18985713
18985712
18985711
18985710
18972566
18972554
18972552
18972551
18972550
18951377
18951366
18942767
18942766
18942765
18942764
18942763
18942762
18942761
18942760
18942759
18942757
18942754
18942752
18942751
18942749
18942748
18942746
18942745
18942744
18942740
18942739
18844217
18844216
18844215
18839426
18839425
18839424
18839423
18839422
18839421
18839420
18831526
18831525
18831524
18831523
18831071
18831034
18825773
18825772
18825771
18821596
18816787
18816786
18816785
18816784
18816783
18816782
18816781
18816780
18816779
18816778
18816777
18816776
18816775
18816774
18816773
18816772
18816771
18816770
18816769
18816768
18816767
18816766
18816765
18816764
18816763
18816762
18816761
18816760
18816759
18816758
18816757
18816756
18816755
18816754
18816753
18816752
18816751
18816750
18816749
18816748
18816747
18816746
18816745
18816744
18816743
18816742
18816741
18816740
18816739
18816738
18816737
18816736
18816735
18816734
18816733
18816732
18816731
18816730
18816729
18816728
18816727
18816726
18816725
18816724
18816723
18816722
18816721
18816720
18816719
18816718
18816717
18816716
18816715
18816714
18816713
18816712
18816711
18816710
18816709
18816708
18816707
18816706
18816705
18816704
18816703
18816702
18816701
18816691
18816690
18816689
18816688
18816687
18816686
18816685
18816684
18816683
18816682
18816681
18816680
18816679
18816678
18816677
18816676
18816675
18816674
18816673
18816672
18816671
18816670
18816669
18816668
18816667
18816666
18816665
18816664
18816663
18816662
18816661
18816660
18816659
18816658
18816656
18816655
18816654
18816653
18816652
18816651
18816650
18816649
18816648
18816647
18816633
18798576
18798575
18798574
18798573
18798572
18798571
18798565
18798564
18785626
18785625
18785624
18777574
18720471
18680200
18680199
18680198
18680197
18680195
18680194
18680193
18671232
18668682
18668681
18668680
18668679
18668678
18668677
18668675
18668674
18668673
18668663
18634035
18629902
18626980
18626979
18626978
18626977
18626976
18626975
18626969
18626968
18626967
18626965
18626964
18626963
18623176
18623174
18623173
18623172
18623171
18623170
18623168
18623167
18623166
18623165
18623154
18618676
18618670
18618636
18618634
18618633
18618630
18618629
18618610
18523998
18521929
18521928
18521926
18521925
18521924
18521916
18521915
18521914
18521913
18521912
18521910
18521909
18521905
18521900
18512248
18512247
18512246
18512245
18512244
18509900
18508318
18484673
18484672
18484671
18484670
18484669
18484668
18478564
18470928
18465808
18465807
18465806
18454481
18452221
18452220
18452219
18452207
18452206
18452205
18452204
18452203
18452202
18452201
18452200
18452199
18452198
18452197
18425803
18425802
18421764
18421762
18421761
18421753
18401859
18398899
18398898
18398897
18398896
18398895
18398894
18398893
18393377
18393376
18393375
18393374
18393373
18383524
18383523
18383522
18383521
18383179
18383178
18383177
18383175
18381614
18381612
18381611
18357580
18357579
18357578
18348288
18344179
18340650
18340649
18340648
18340647
18340644
18340641
18340640
18340639
18340638
18340637
18338782
18338781
18338780
18338779
18338776
18338775
18338774
18338773
18338772
18338763
18338762
18314901
18306311
18302273
18302272
18300282
18300281
18300280
18300279
18300277
18300276
18286647
18286646
18286644
18286642
18286611
18286609
18275078
18275077
18275076
18275075
18275074
18275071
18275070
18275069
18266237
18266236
18266234
18266233
18266232
18266231
18266230
18266229
18260124
18253953
18253952
18253951
18253950
18240309
18240302
18240284
18240283
18240282
18240281
18240280
18240279
18240278
18232082
18213700
18213699
18213698
18213697
18213696
18200517
18200516
18200515
18200512
18200511
18200510
18200509
18186109
18183610
18183609
18183608
18183603
18183602
18183601
18183600
18183599
18161841
18095318
18095317
18095316
18092348
18092347
18092346
18092345
18092344
18092343
18088072
18088064
18088053
18088052
18069684
18069675
18069674
18069673
18069672
18058793
18050300
18050299
18050298
18050297
18050296
18050295
18022873
18022872
18022871
18022870
18022869
18022867
18022866
17985376
17985374
17973306
17973305
17973304
17973303
17973302
17973301
17973300
17973299
17973298
17941093
17941079
17941078
17941077
17941076
17941075
17941074
17941073
17941072
17932987
17932978
17932977
17932971
17932969
17932968
17932967
17932966
17932965
17932964
17929297
17924567
17924566
17924565
17924564
17924563
17924560
17924559
17924558
17924556
17924554
17912705
17886290
17886289
17886288
17886287
17886286
17886285
17879280
17879279
17879278
17879277
17879276
17879275
17879274
17828784
17828783
17828782
17828781
17828780
17828779
17828778
17828777
17828776
17828775
17763475
17763473
17763472
17763471
17763470
17712840
17712839
17712838
17712837
17712836
17680652
17663430
17663429
17663428
17663427
17663426
17663425
17663424
17663423
17663422
17663421
17636567
17636566
17636565
17636564
17607724
17604368
17604367
17604366
17600819
17600818
17600817
17600816
17600381
17600380
17600379
17600378
17577247
17577246
17576117
17576115
17567885
17567879
17567878
17567877
17567876
17567875
17567874
17567873
17567871
17567870
17567869
17567868
17567867
17567866
17567865
17567864
17546679
17538986
17538985
17538984
17538983
17536232
17508422
17508420
17508419
17508418
17508417
17480021
17480019
17480018
17476680
17476679
17476678
17476677
17476676
17476675
17476674
17476673
17476671
17476670
17455208
17455207
17455206
17455205
17455204
17455203
17455202
17455201
17455200
17427245
17427244
17427243
17427241
17427240
17427239
17427238
17427237
17417801
17417800
17410564
17394243
17393379
17387678
17387677
17387676
17352386
17352385
17352384
17352381
17345609
17345608
17345607
17345605
17343284
17309075
17309074
17309073
17309072
17309070
17304581
17294437
17286275
17285596
17285595
17285594
17285593
17278129
17278127
17278126
17262812
17262810
17262809
17262808
17262807
17262806
17260384
17260368
17260365
17260364
17260353
17260352
17253612
17253611
17245768
17243142
17243141
17243140
17243139
17243138
17238179
17230540
17230539
17230538
17230495
17230494
17230480
17221857
17221856
17219403
17206723
17206722
17206721
17206720
17206719
17206718
17206717
17206716
17206715
17206714
17206713
17206712
17206711
17206709
17206708
17206707
17206706
17206705
17206704
17206703
17206702
17206701
17206700
17206699
17206698
17206697
17206696
17206695
17206694
17206693
17206692
17206691
17206690
17206689
17206688
17206687
17206686
17206685
17206684
17206683
17206682
17206681
17206680
17206679
17206678
17206677
17206676
17206675
17206674
17206673
17206672
17206671
17206670
17206669
17206668
17206667
17206666
17206665
17206664
17206663
17206649
17206648
17206647
17206646
17206645
17206644
17206643
17206642
17206641
17206640
17206639
17206638
17206637
17206636
17206635
17206634
17206633
17206622
17163598
17119397
17119396
17119395
17119394
17119393
17119392
17119391
17119390
17119389
17119388
17119387
17119386
17119385
17119384
17119383
17119382
17075353
17075352
17075351
17075348
17075347
17075346
17075345
17075344
17075343
17075342
17012977
17012976
17012975
17012974
17012973
17012972
17012971
17012970
17012969
17012968
17012967
17012966
17012965
17012964
17012963
17012962
16954813
16954812
16954811
16954810
16954809
16954808
16954807
16954806
16954805
16954804
16954803
16954802
16954801
16917240
16917239
16917237
16917236
16917235
16917234
16917233
16917232
16917231
16917230
16917229
16917228
16917227
16917226
16917225
16917224
16917223
16917222
16917221
16917220
16804405
16804404
16804403
16804402
16804401
16804400
16804399
16804398
16804397
16804396
16804395
16804394
16804393
16804392
16804391
16804390
16804389
16775499
16775498
16775497
16775496
16775495
16775494
16775493
16775492
16775491
16775490
16775489
16775488
16775487
16775486
16670534
16670533
16670532
16670531
16670530
16670529
16670528
16670527
16670526
16670525
16670524
16670523
16670522
16633058
16633057
16633056
16633055
16633054
16633053
16633052
16633051
16633050
16633049
16633048
16633047
16633046
16603895
16534429
16534428
16534427
16534426
16534425
16534424
16534423
16534422
16534421
16534420
16534419
16534418
16534417
16534416
16534415
16432382
16432381
16432380
16432379
16432378
16432377
16432376
16432375
16432374
16432373
16432372
16432371
16378007
16378006
16378005
16374265
16374264
16374263
16374262
16374261
16374260
16374259
16374258
16374257
16374256
16374255
16374254
16374253
16374252
16374251
16306778
16306777
16306776
16306775
16306774
16306773
16306772
16306771
16306770
16306769
16306768
16306767
16306766
16306765
16306764
16254481
16254480
16254479
16254478
16254477
16239853
16239852
16239851
16239850
16239849
16239848
16239847
16239846
16239845
16239844
16239843
16239842
16239841
16239840
16189430
16189429
16189428
16189427
16189426
16189425
16189424
16189423
16189422
16189421
16189420
16189419
16189418
16189417
16189416
16189415
16116325
16116324
16116323
16116322
16116321
16116320
16116319
16116318
16116317
16116316
16116315
16116314
16116313
16116312
16116311
16043999
16043998
16043997
16043996
16043995
16043994
16043993
16043992
16043991
16043990
16043989
16043988
16043987
16043986
16043985
16043984
15973128
15973127
15973126
15973125
15973124
15973123
15973122
15973121
15973120
15973119
15973118
15973117
15973116
15973115
15905716
15905715
15905714
15905713
15905712
15905711
15905710
15905709
15905708
15905707
15905706
15905705
15905704
15905703
15905702
15905701
15905700
15905699
15905698
15867596
15867595
15867594
15867593
15867592
15867591
15867590
15867589
15867588
15867587
15867586
15867585
15867584
15867583
15867582
15867581
15867580
15803035
15803034
15803033
15803032
15803031
15803030
15803029
15803028
15803027
15803026
15803025
15803024
15803023
15803022
15803021
15735439
15735438
15735437
15735436
15735435
15735434
15735433
15735432
15735431
15735430
15735429
15735428
15735427
15682519
15677920
15677919
15677918
15677917
15677916
15677915
15677914
15677913
15677912
15677911
15677910
15677909
15677908
15677907
15677906
15677905
15677904
15677903
15677902
15677901
15674127
15674126
15674125
15674124
15674123
15674122
15674121
15674120
15674119
15674118
15674117
15674116
15674115
15674114
15674113
15674112
15674111
15674110
15674109
15674108
15674107
15626912
15626911
15626910
15626909
15626908
15626907
15626906
15626905
15626904
15626903
15626902
15626901
15626900
15626899
15626898
15626897
15626896
15626895
15626894
15626893
15626892
15626891
15626890
15626889
15626888
15626887
15626886
15475770
15475769
15475768
15475767
15475766
15475765
15475764
15475763
15475762
15475761
15475760
15475759
15475758
15475757
15475756
15475755
15475754
15475753
15475752
15475751
15475750
15475749
15475748
15475747
15475746
15475745
15475744
15475743
15475742
15475741
15475740
15475739
15472542
15472541
15472540
15472539
15472538
15472537
15472536
15472535
15472534
15472533
15472532
15472531
15472530
15472529
15472528
15472527
15472526
15472525
15472524
15472523
15472522
15472521
15472520
15472519
15472518
15472517
15472516
15472515
15472514
15472513
15472512
15472511
15472510
15472509
15472508
15472507
15290935
15290934
15290933
15290932
15290931
15290930
15290929
15290928
15290927
15290926
15290925
15290924
15290923
15290922
15290921
15290920
15290919
15290918
15290917
15290916
15290915
15290914
15290913
15290912
15290911
15290910
15290909
23282545
15168833
15168832
15168831
15168830
15168829
15168828
15168827
15168826
15168825
15168824
15168823
15168822
15168821
15168820
15168819
15168818
15168817
15168816
15168815
15168814
15168813
15168812
15168811
15168810
15168809
15168808
15168807
15168806
15168805
15168804
15168803
15058532
15058531
15058530
15058529
15058528
15058527
15058526
15058525
15058524
15058523
15058522
15058521
15058520
14677543
14677542
14677541
14671491
14671489
14671488
14671487
14671486
14671485
14671484
14671483
14671482
14570012
14570010
14570007
14570004
14555918
14555917
14555916
14555915
14555914
14555913
14555912
14555911
12908485
12908484
12908483
12902853
12902851
12902850
12902849
12902848
12902847
12902846
12902845
12902844
12797352
12797351
12797350
12797349
12792229
12792227
12792226
12792225
12792224
12792223
12792222
12792221
12792220
12792219
12769452
12769451
12769450
12769449
12769448
12769447
12769446
12769445
12769444
12769443
12769442
12769441
12683356
12656138
12656137
12656136
12656135
12656134
12656133
12656132
12656131
12607514
12607513
12607512
12479657
12479656
12479655
12479654
12479653
12479652
12479651
12479650
12479649
12479648
12479647
12479646
12479645
12454618
12454617
12454616
12454615
12454614
12454613
12454612
12131615
12131614
12131613
12131612
12131611
12131610
12131609
12131608
12131607
12131606
12073946
12073945
12073944
12018189
11979147
11979146
11979144
11979143
11979142
11979141
11979140
11979139
11979138
11979137
11979136
11979135
11937895
11937894
11937893
11854614
11854612
11854611
11854610
11854609
11854608
11854607
11854606
11854605
11854604
11854603
11837941
11837940
11837939
11837938
11837937
11837936
11837935
11837934
11837933
11837932
11720331
11720330
11720329
11720328
11720327
11720326
11720325
11720324
11720323
11720322
11720321
11720320
11720319
11720318
11720317
11720316
11515858
11515857
11515856
11515855
11515854
11515853
11515852
11515851
11515850
11515849
11515848
11515847
11515846
11515845
11515844
11515843
11515842
11383598
11383597
11383596
11383595
11383594
11383593
11383592
11383591
11383590
11383589
11383588
11383587
11383586
11383585
11383584
11383583
11383582
11380043
11380042
11380041
11380040
11380039
11380038
11233666
11233665
11233664
11233663
11233662
11233661
11233660
11233659
11233658
11233657
11233656
11233655
11225568
11149567
11149566
11149565
11149564
11149563
11149562
11149561
11149560
11149559
11149558
11149557
10961601
10961600
10961599
10961598
10961597
10961596
10961595
10961594
10961593
10961592
10961591
10961590
10961589
10961588
10961587
10897318
10833079
10833078
10833077
10833076
10833075
10833074
10833073
10833072
10833071
10833070
10833069
10833068
10833067
10833066
10833065
10833064
10701157
10701156
10701155
10701154
10701153
10701152
10701151
10701150
10701149
10701148
10701147
10701146
10701145
10701144
10701143
10579122
10579128
10579127
10579126
10579125
10579124
10579123
10579121
10579120
10579119
10579118
10579117
10579116
10453380
10453379
10453378
10453377
10453376
10453375
10453374
10453373
10453372
10453371
10453370
10453369
10338381
10338379
10338378
10338389
10338388
10338387
10338386
10338385
10338384
10338383
10338382
10338380
10338377
10338376
10338375
10338374
10028451
10028450
10028452
10028449
10028448
10028447
10028446
10028445
10028444
10028443
9836089
9836088
9836087
9836086
9836085
9836084
9836083
9836082
9836081
9836080
9836079
9836078
9836077
9741033
9741032
9741031
9741030
9741029
9741028
9741027
9741026
9741025
9741024
9741023
9741022
9741021
9741020
9741019
9741018
9687225
9687224
9687223
9687222
9687221
9687220
9687219
9687218
9687217
9687216
9687215
9687214
9687213
9687212
9687211
9589306
9589305
9589304
9589303
9589302
9589301
9589300
9589299
9589298
9589297
9589296
9589295
9589294
9589293
9552233
9552232
9552231
9552230
9552229
9552228
9552227
9552226
9552225
9552224
9552223
9552222
9552221
23282816
23282815
23282814
23282813
23282812
23282811
23282810
23282809
23282808
23282807
23282806
23282805
23282804
23282803
23282802
23282761
23282760
23282759
23282758
23282757
23282756
23282755
23282754
23282753
23282752
23282751
23282750
23282749
23282748
23282747
23282691
23282690
23282689
23282688
23282687
23282686
23282685
23282684
23282683
23282682
23282681
23282680
23282679
23282678
23282884
23282883
23282882
23282881
23282880
23282879
23282878
23282877
23282876
23282875
23282874
23282873
23282872
23282871
23282870
23282573
23282572
23282571
23282570
23282569
23282568
23282567
23282566
23282565
23282564
23282563
23282562
23282561
23282560
23282528
23282527
23282526
23282525
23282524
23282523
23282522
23282521
23282520
23282519
23282518
23282517
23282516
23282515
23282514
23282513
23282512
23282511
23282462
23282461
23282460
23282459
23282458
23282457
23282456
23282455
23282454
23282453
23282452
23282451
23282450
23282449
23282604
23282603
23282602
23282601
23282600
23282599
23282598
23282597
23282596
23282595
23282594
23282593
23282592
23282591
23282590
23282589
23282588
23282587
23282400
23282399
23282398
23282397
23282396
23282395
23282394
23282393
23282392
23282391
23282390
23282389
23282388
23282387
23282386
23282313
23282312
23282311
23282310
23282309
23282308
23282307
23282306
23282305
23282304
23282303
23282302
23282301
23282300
23283314
23283313
23283312
23283311
23283310
23282440
23282439
23282438
23282437
23282436
23282435
23282434
23282433
23282432
23282431
23282430
23282429
23282428
23282427
23282426
23282425
23282424
23282423
23282422
