31282126
31278824
31276282
31273919
31273912
31271699
31271697
31242345
31241823
31233673
31219672
31206237
31206224
31206223
31206222
31206217
31187923
31169982
31166651
31165587
31165525
31162780
31152624
31140719
31125492
31121085
31120619
31119833
31119826
31116906
31112638
31112637
31106506
31106497
31102574
31102573
31087772
31081990
31077626
31077622
31077562
31077535
31063679
31063642
31063622
31038786
31038782
31021493
31021050
31021039
31021032
31021029
31013382
31002466
30980599
30980451
30972941
30963669
30947397
30947393
30947392
30947384
30938922
30938039
30929303
30921501
30920162
30920156
30920118
30919560
30913351
30912297
30912253
30908879
30908855
30900368
30900357
30884128
30884094
30882995
30882994
30873761
30865366
30861321
30861306
30861302
30861294
30859755
30854773
30821045
30817859
30816637
30811874
30807687
30770639
30758901
30753750
30746848
30742355
30740859
30734995
30734488
30734470
30724010
30716208
30712285
30706653
30702813
30697913
30697911
30697907
30697904
30693668
30693637
30663275
30661287
30657246
30657244
30615254
30615251
30614610
30609189
30609187
30592371
30589993
30588756
30588743
30586233
30586219
30585696
30582779
30582771
30561891
30549422
30548128
30525305
30536705
30506870
30506646
30472792
30472786
30472779
30472769
30449065
30447173
30415500
30415493
30414303
30380200
30380197
30379388
30375180
30375165
30375139
30372575
30371975
30369023
30369014
30369002
30367565
30362649
30362249
30359490
30359489
30359488
30359487
30358115
30358068
30346096
30341973
30334337
30329213
30329206
30325571
30317696
30317683
30317682
30291672
30264930
30260588
30260552
30257063
30256514
30256513
30251764
30246323
30242960
30240130
30240116
30230686
30230191
30230163
30218596
30207422
30207421
30204937
30198150
30194815
30193403
30192420
30168653
30153377
30152097
30146768
30142251
30142250
30142249
30142248
30142247
30142246
30141270
30129266
30129171
30129118
30125455
30120902
30120877
30120815
30118151
30117671
30117670
30112820
30102825
30091296
30091276
30080956
30080954
30080951
30080949
30067889
30067306
30066494
30058119
30054968
30040184
30040176
30028076
30028069
30022597
30021061
30021060
30021057
30021054
30021053
30021047
29931729
29923365
29923302
29893464
29893056
29878534
29781162
29781097
29747216
29742806
29729119
29729118
29729113
29729104
29710397
29710388
29704327
29704300
29698577
29694712
29694710
29694706
29694701
29684255
29684248
29679463
29679437
29665189
29655314
29637730
29637720
29637692
29633539
29631325
29626391
29624894
29624871
29624843
29604237
29604232
29604229
29603571
29603562
29601136
29577581
29575509
29573187
29573137
29573131
29544033
29544032
29537127
29524333
29514406
29514396
29514394
29506323
29500914
29500912
29500907
29493895
29493877
29489071
29489055
29476704
29476693
29476690
29466838
29466831
29460371
29457880
29457869
29451360
29451349
29427562
29415347
29389070
29385313
29385311
29378093
29377486
29377411
29369470
29365365
29365358
29365357
29365343
29356341
29351370
29351369
29351366
29351365
29350831
29341398
29328556
29328523
29316214
29316203
29316191
29316185
29281863
29281862
29278454
29272077
29272073
29272051
29266828
29266684
29266668
29240285
29222928
29222922
29211941
29211925
29205797
29205784
29194959
29194957
29193630
29171941
29160931
29156507
29156491
29150986
29149510
29149464
29144592
29144580
29140601
29140579
29125712
29125693
29125687
29125676
29125672
29108119
29087030
29087021
29080242
29080241
29080238
29077253
29072825
29069533
29024516
29024442
29024427
29024423
29024412
29024405
29024353
29024347
28960872
28945956
28945955
28945954
28945953
28945950
28941082
28926189
28926173
28926171
28921889
28921876
28913888
28886231
28885774
28885772
28885771
28846212
28846197
28846188
28846183
28846181
28837749
28837747
28834305
28834290
28834223
28834221
28834220
28834194
28834180
28834163
28834154
28834148
28834140
28834080
28816015
28815993
28815935
28779560
28779559
28779558
28779557
28779555
28779549
28779546
28752938
28752933
28752927
28752925
28752920
28749550
28741309
28734130
28734125
28734124
28734123
28734122
28722785
28719133
28719075
28719072
28719070
28703464
28700814
28691231
28688158
28688155
28688150
28688140
28650115
28650112
28650108
28650101
28650098
28650090
28650089
28618184
28618164
28618096
28590599
28590598
28590589
28590564
28590550
28590542
28590523
28590520
28544587
28544291
28544246
28524463
28524363
28512923
28509434
28508569
28481005
28481004
28480517
28477360
28452116
28431203
28426902
28425187
28425147
28422425
28422396
28422392
28407441
28407413
28407404
28407402
28407355
28388830
28340509
28340504
28318147
28296066
28296011
28295992
28295986
28294557
28294533
28294516
28240843
28240840
28240817
28240812
28240808
28240807
28240805
28240804
28236364
28220684
28192869
28188668
28187520
28187503
28187493
28176451
28164428
28160412
28160394
28152578
28152572
28152569
28133947
28133934
28133933
28133898
28133883
28124458
28114725
28109055
28103652
28103648
28103647
28103646
28093871
28073180
28073175
28073174
28073172
28073169
28061014
28027624
28027621
28027616
28027615
28027614
28027613
28027603
28027602
28027600
28027599
28027592
28026120
28026110
28026108
28006876
28006875
28006874
28006873
28006872
28006871
28006870
28006869
28006868
28006867
28006866
28006865
27935212
27935207
27935193
27884053
27884044
27884043
27880991
27880979
27875639
27875636
27875032
27874250
27862931
27862929
27862900
27809409
27809404
27809402
27805302
27786407
27783892
27783891
27783463
27783460
27783454
27658242
27650171
27639081
27611337
27600806
27600724
27597547
27597423
27595667
27592855
27588961
27588758
27588678
27588414
27576205
27574888
27574723
27556578
27543906
27543821
27543748
27542090
27541809
27516340
27516135
27514705
27514502
27509591
27509325
27465590
27434755
27398648
27357622
27342832
27339754
27253521
27779823
27750389
27731936
27731927
27712040
27712026
27706908
27706897
27706895
27706890
27685709
27658200
27657354
27656864
27650268
27616447
27616298
27600579
27597295
27597163
27595780
27593213
27543949
27543857
27542167
27541946
27541631
27540888
27540701
27516392
27514322
27509534
27509240
27448279
27448203
27434824
27434676
27398813
27396823
27389861
27386826
27357489
27351294
27348270
27348200
27348086
27347847
27343202
27343152
27343006
27339647
27339409
27339253
27314458
27314220
27302834
27272189
27272005
27265528
27257963
27228568
27228555
27216884
27197947
27197796
27197713
27197627
27152888
27152759
27149437
27149338
27149241
27149083
27145067
27144969
27114030
27113842
27113672
27102080
27101937
27101779
27097277
27097078
27096329
27096231
27090347
27082951
27082839
27082718
27081959
27081833
27065464
27065358
27064263
27061449
27043926
27037634
27029016
27028896
27028766
27028657
27028552
27028426
27028317
27027394
27027254
26970341
26970243
26970106
26969918
26953936
26953818
26953726
26951991
26947766
26946466
26946330
26946192
26946058
26939668
26934673
26929119
26929108
26929100
26919494
26919380
26919265
26915588
26915465
26899901
26890858
26890629
26851053
26850911
26850789
26850221
26850091
26849961
26845498
26824627
26824515
26824429
26824359
26823231
26821573
26785423
26785388
26785299
26785141
26784951
26784269
26784011
26783726
26782275
26755046
26714616
26709949
26709233
26709146
26707008
26684547
26684397
26684272
26684079
26663608
26663560
26663509
26618603
26610270
26610182
26610068
26609915
26609794
26609681
26600439
26600319
26600212
26600096
26566737
26539895
26528882
26519873
26515643
26515506
26515405
26492164
26479577
26479422
26479304
26479172
26476094
26457885
26443070
26439432
26439308
26439190
26439090
26438008
26437376
26437266
26421889
26421799
26390361
26390259
26390184
26390093
26389717
26389583
26369385
26369269
26360320
26360125
26359934
26359787
26358746
26342203
26336078
26336061
26335959
26335930
26335803
26335784
26335710
26335696
26335577
26335447
26335346
26335250
26335142
26335026
26334928
26334767
26334667
26334555
26334443
26334196
26332162
26332078
26317828
26317689
26289765
26289624
26289503
26285140
26283624
26283535
26271051
26264233
26264149
26249755
26249554
26249262
26228654
26224663
26224651
26202132
26202004
26197765
26194746
26194602
26194446
26183802
26178234
26178066
26175058
26174971
26147566
26136401
26136397
26123226
26123155
26123079
26122969
26122900
26108917
26097213
26097202
26084266
26077312
26077173
26074360
26074280
26074140
26073990
26069199
26069185
26069168
26069158
26061237
26045405
26045355
26045241
26043700
26013178
25991395
25991054
25990844
25990763
25990667
25990592
25990514
25990417
25990257
25990089
25981332
25981135
25980928
25980756
25980614
25980521
25950774
25939692
25939618
25939487
25931247
25914317
25907543
25907399
25903116
25903039
25902933
25902852
25891412
25891323
25891227
25891165
25880971
25865817
25865676
25865573
25865434
25865305
25865174
25865077
25857840
25857709
25846032
25845966
25845830
25845711
25845578
25845464
25833750
25832308
25832004
25825867
25825217
25825070
25824975
25824853
25824672
25824605
25821167
25821134
25821097
25821041
25789635
25789460
25786913
25779757
25779618
25779554
25772848
25772696
25772591
25762489
25762421
25762287
25762169
25762084
25761987
25761371
25727917
25694099
25690881
25690752
25690646
25690513
25678340
25678220
25678072
25677965
25675946
25651102
25648978
25644857
25641778
25641769
25641753
25641699
25604488
25604355
25597393
25597303
25556775
25556648
25546011
25545865
25545787
25545700
25545626
25545475
25545369
25530165
25530076
25504770
25504743
25488878
25488794
25488693
25482981
25482846
25482651
25482537
25482428
25452116
25451888
25424322
25422261
25422258
25420619
25420476
25408472
25408435
25378291
25378262
25376162
25371243
25371111
25371013
25370903
25370801
25369566
25368908
25366362
25354931
25348368
25348280
25348192
25348089
25332190
25332159
25331016
25330942
25330761
25312517
25312406
25312292
25312051
25308108
25307969
25302632
25302412
25287417
25287272
25283640
25283528
25269414
25267365
25267282
25262999
25262935
25241637
25234134
25233991
25220934
25220866
25220793
25219600
25219495
25219379
25213120
25213010
25212893
25212753
25212664
25205246
25205044
25204890
25179960
25179873
25179803
25179693
25179581
25164926
25164795
25164688
25164576
25164498
25155689
25155484
25155379
25155244
25139036
25130387
25124299
25112655
25111694
25111621
25103727
25088484
25088400
25088323
25065488
25065347
25060964
25060899
25060782
25046844
25046819
25045898
25045167
25045154
25045122
25045071
25045002
25044812
25044621
25044564
25044520
25044482
25044428
25044400
25044355
25044256
24975240
24975123
24975028
24962070
24961992
24961905
24961815
24961679
24961607
24961506
24954288
24943482
24943332
24931127
24923737
24916539
24916429
24916303
24916167
24890314
24890095
24889921
24889799
24863055
24862917
24862741
24844674
24839271
24838471
24838399
24838342
24838195
24824858
24809799
24809592
24809329
24806135
24805969
24805852
24802973
24797281
24797145
24789170
24777659
24777647
24777632
24777610
24771550
24760734
24760719
24753233
24753220
24753206
24753196
24753166
24734315
24734314
24723503
24711444
24711442
24711100
24711070
24706409
24700629
24700610
24692331
24692322
24692309
24687802
24678028
24678017
24678005
24677674
24677445
24677425
24677407
24677378
24668935
24668931
24659368
24652787
24648247
24648209
24648186
24648168
24648153
24634351
24634344
24634319
24619797
24616272
24616250
24616214
24616179
24616152
24604782
24535829
24497441
24493329
24493311
24493271
24493238
24493215
24493164
24493143
24481865
24481821
24481770
24481727
24478274
24478266
24478135
24478123
24478109
24478058
24478042
24478019
24477986
24470446
24470340
24470214
24470014
24458763
24458730
24425681
24425668
24424619
24421268
24415564
24415557
24415542
24415519
24395813
24395767
24395763
24395145
24382837
24382833
24382821
24382656
24376167
24376158
24376140
24357579
24357103
24357079
24357065
24347307
24339411
24338934
24307500
24288361
24288128
24285638
24285611
24273015
24273004
24243662
24243651
24243642
24243591
24214873
24214847
24166838
24166895
24166881
24166860
24151041
24142889
24142883
24142867
24142471
24142449
24142412
24142390
24136827
24136814
24136785
24136749
24136728
24136710
24136671
24123928
24123877
24123852
24123835
24123804
24123780
24115678
24115644
24115630
24115599
24115392
24115362
24115315
24115296
24115243
24108496
24106037
24039140
24039124
24039107
24039090
24039073
24039050
24038766
24038741
24038724
24019297
24019185
24019169
24019127
24019107
24019077
23996965
23960041
23960031
23960026
23960018
23959652
23959637
23959592
23959573
23929508
23913831
23913809
23913790
23907778
23897778
23894128
23894122
23894112
23894100
23894093
23894084
23894066
23873802
23873778
23873764
23873751
23852663
23843296
23840031
23840026
23836448
23836431
23836400
23825046
23818332
23813776
23813754
23798324
23788470
23788468
23788462
23784747
23784730
23784716
23780824
23780820
23780795
23775946
23775922
23775895
23775875
23744748
23744729
23744721
23733405
23716446
23716426
23696536
23696516
23696498
23696476
23696464
23696426
23696414
23696372
23696318
23696310
23696274
23696264
23696054
23696006
23695974
23620176
23589472
23585381
23584902
23584802
23576476
23576469
23559496
23554142
23554120
23554089
23536495
23536491
23536483
23536482
23526668
23526660
23526647
23526639
23526624
23526600
23512786
23495130
23495112
23495080
23495079
23483709
23483701
23463650
23463629
23463612
23463602
23447523
23447504
23447490
23447460
23447450
23447441
23447435
23447433
23447420
23447418
23447407
23447403
23447389
23447384
23447370
23447337
23447137
23447113
23447099
23417867
23408534
23408515
23408499
23408473
23408461
23408436
23408392
23408382
23404862
23404861
23281299
23281277
23280879
23280814
23239564
23239552
23239473
23225529
23225519
23213039
23213024
23213009
23203420
23203386
23197399
23197388
23197377
23193057
23193034
23193024
23172844
23172840
23172830
23172817
23172804
23172793
23161851
23161847
23152169
23124996
23109058
23109038
23086897
23086865
23081888
23055401
23045153
23023801
23008144
23008132
23008117
23008091
23008049
22987314
22987288
22965903
22965893
22961971
22961949
22961940
22941584
22941516
22927168
22927144
22927143
22927142
22903934
22903931
22899664
22899661
22899323
22888069
22888064
22887985
22887968
22887956
22887929
22887916
22887898
22865750
22865730
22859317
22859291
22847917
22847898
22847887
22847861
22847840
22847799
22829419
22829418
22829417
22821899
22821730
22821716
22821707
22821681
22821639
22821620
22821551
22821503
22767453
22767444
22767437
22767426
22767413
22767394
22767359
22753359
22740341
22740330
22740321
22740311
22740290
22730210
22715165
22714872
22706796
22692821
22685095
22685091
22685084
22685071
22674905
22674534
22674517
22645090
22645064
22645057
22641474
22641460
22641435
22639428
22639419
22639412
22639401
22639390
22577093
22577089
22577087
22523002
22532341
22532316
22532302
22523007
22511462
22511404
22511366
22511345
22511324
22508549
22508525
22505370
22505356
22505347
22489088
22473972
22467623
22467602
22467594
22467551
22467550
22467549
22467548
22467547
22467246
22467227
22467198
22467145
22454296
22454280
22454258
22431230
22431195
22422708
22422699
22422672
22407934
22407909
22407878
22389256
22389236
22378542
22378498
22368158
22368157
22359396
22359380
22359357
22344967
22344942
22344929
22344899
22344889
22328294
22328277
22323420
22315212
22315210
22315207
22298469
22298465
22290937
22290625
22287492
22287036
22279622
22271671
22271668
22271656
22271646
22271634
22271627
22271617
22271602
22262580
22253117
22253086
22250078
22250075
22250072
22238251
22238247
22237953
22228587
22213443
22162225
22162205
22162188
22144403
22140074
22140067
22140063
22140056
22140053
22140033
22140030
22140024
22140021
22140019
22140013
22140010
22140006
22140001
22139994
22139972
22139956
22139897
22139888
22139868
22127780
22034173
22034152
22031181
22006869
22006866
22006860
22006838
22006832
22006447
22006378
21987454
21987442
21987434
21987426
21987415
21987402
21954097
21964956
21932379
21932378
21932377
21932376
21932374
21932373
21932372
21898773
21898772
21898771
21898770
21898769
21898768
21898767
21858913
21858912
21850697
21850696
21850695
21850694
21850693
21850692
21850691
21850690
21850689
21850688
21850684
21850680
21837746
21837745
21837744
21837743
21837742
21837741
21837739
21837738
21837737
21837736
21837735
21837734
21837731
21796760
21796759
21786404
21770018
21770017
21770016
21761553
21761552
21761551
21761550
21761549
21761548
21748847
21748846
21748845
21748844
21748843
21744470
21744469
21744468
21744467
21744466
21739567
21714066
21714065
21714064
21714063
21714062
21695773
21695772
21695771
21688383
21688382
21674755
21671350
21671349
21656658
21656657
21656656
21656655
21656654
21656653
21656652
21656651
21634007
21634006
21634004
21618695
21618698
21618697
21618696
21618694
21618693
21618692
21618691
21618690
21618689
21618688
21618687
21618686
21618685
21618684
21618683
21604358
21604357
21604356
21604355
21594967
21594966
21594965
21584929
21584928
21584927
21584926
21567895
21567894
21563297
21563296
21563295
21563294
21563293
21542130
21542129
21542128
21542127
21506253
21506252
21506251
21506250
21506249
21506248
21506247
21506246
21506245
21506244
21506243
21506242
21506241
21506240
21504049
21504048
21491582
21491581
21472974
21462295
21462294
21455930
21455929
21455928
21445931
21445930
21445929
21445928
21445927
21445926
21445925
21445924
21445923
21445922
21445921
21445920
21445919
21445918
21445917
21438129
21438128
21438127
21425432
21425431
21425430
21425429
21412966
21384528
21384527
21384526
21384525
21384524
21384523
21384522
21384521
21384520
21384519
21384518
21384517
21384516
21384515
21384514
21384513
21384512
21384511
21384510
21384509
21384508
21384507
21384506
21384505
21384504
21384503
21360649
21360648
21360647
21351243
21351242
21351241
21351239
21280195
21280194
21280193
21280192
21280191
21280190
21280189
21280188
21280187
21280186
21280185
21280184
21280183
21280182
21280181
21280180
21254351
21254350
21254349
21254348
21254347
21254346
21254345
21254344
21254343
21254342
21254341
21254340
21254339
21254338
21254337
21117258
21117257
21117256
21117255
21117254
21117253
21117252
21117251
21117250
21117249
21117248
21117247
21117246
21117245
21117194
21117193
21117192
21117191
21031552
21031550
21031549
21031548
21031547
21031546
21031545
21031544
21031543
21031542
21031541
21031540
21031539
21031538
21031537
21031536
20879021
20879020
20879019
20879018
20879017
20879016
20879015
20879014
20879013
20879012
20879011
20879010
20818749
20818748
20818747
20818746
20818745
20818744
20818743
20818742
20818741
20818740
20818739
20818738
20818737
20818656
20677291
20677290
20677289
20677288
20677287
20677286
20677285
20677284
20665624
20658555
20589653
20589647
20583290
20583288
20583093
20583092
20583091
20583090
20583089
20583088
20583086
20583085
20583084
20583083
20583082
20583081
20583080
20583079
20583078
20583077
20583075
20517922
20517918
20517916
20517915
20517914
20517913
20517912
20517911
20517910
20517909
20517908
20517907
20517906
20517905
20517904
20517903
20517902
20517901
20440781
20440779
20440778
20440777
20440776
20440775
20440774
20440773
20440772
20440771
20440770
20440769
20440768
20440767
20440766
20440764
20440763
20440762
20373466
20373465
20373463
20373462
20373461
20373460
20373459
20373458
20373457
20373456
20373455
20373454
20373453
20373452
20373451
20222052
20222051
20213836
20213831
20213830
20213666
20213665
20209641
20209640
20209639
20209638
20209637
20209600
20209599
20209598
20209597
20209596
20209595
20209594
20209593
20209592
20209591
20209590
20209589
20209588
20209587
20209586
20209585
20209584
20205234
20205164
20104500
20104499
20104498
20104497
20104496
20104495
20104494
20104492
20104486
20104485
20104484
20104483
20104482
20104481
20104480
20104479
20104478
20035525
20035524
20035523
20035522
20035521
20035520
20035519
20035518
20035517
20035516
19938146
19938145
19938144
19938143
19938142
19938141
19938140
19938139
19938138
19938137
19938136
19938135
19938130
19938129
19938128
19938127
19938126
19938125
19938124
19938123
19938122
19938121
19938120
19938119
19938118
19938117
19938116
19938115
19938114
19938113
19938112
19938111
19938108
19938107
19938105
19894284
19894283
19894282
19877293
19877292
19877291
19877290
19877266
19877264
19877262
19877261
19877258
19877257
19877256
19877255
19877254
19877253
19877252
19877251
19877250
19877249
19877248
19877232
19877230
19877229
19877228
19877227
19877224
19877223
19877222
19877221
19877220
19877219
19877218
19877217
19877216
19877215
19877214
19877213
19877212
19877211
19877210
19877209
19877208
19877207
19877206
19877205
19877203
19877201
19877200
19877025
19877024
19877023
19877022
19876956
19876953
19876952
19876949
19876941
19876940
19876939
19866484
19866483
19866450
19866449
19866448
19866447
19806687
19806686
19806685
19790229
19790228
19790169
19790168
19790167
19790166
19790165
19790164
19790163
19790162
19790161
19790160
19790159
19790158
19790157
19790156
19790155
19790154
19790153
19790152
19790151
19790150
19790149
19790148
19790147
19790146
19790145
19790144
19790143
19790142
19790141
19790140
19790139
19790138
19790137
19790136
19728412
19728411
19728410
19718649
19718648
19718647
19718646
19718645
19718644
19718643
19718642
19718641
19718640
19718639
19718638
19718637
19718636
19718635
19718634
19718633
19718632
19718631
19718630
19718629
19718628
19718627
19642139
19642138
19642137
19642136
19642135
19642134
19642133
19642132
19642131
19642130
19642129
19642128
19642127
19642126
19642125
19642124
19642123
19642122
19642121
19642120
19642119
19642118
19642117
19642116
19582954
19582953
19582952
21157884
19562722
19562721
19562720
19562719
19562718
19562717
19562716
19562715
19562711
19562710
19562709
19562708
19562707
19562706
19562705
19562704
19562703
19562702
19562701
19562700
19562695
19562694
19496290
19496289
19496288
19479814
19479813
19479812
19479811
19479809
19479808
19479807
19479806
19479805
19479804
19479803
19479802
19479801
19479800
19479799
19479797
19479788
19399747
19399746
19399745
19399744
19399743
19399742
19399741
19399740
19399738
19399737
19399736
19399735
19399734
19399733
19399732
19399731
19399730
19340990
19340989
19340988
19326422
19326421
19326420
19326415
19326414
19326413
19326412
19326411
19326410
19326409
19326408
19326406
19326405
19326403
19326402
19326401
19266675
19266674
19266671
19243008
19243005
19243004
19243003
19243002
19243001
19243000
19242998
19242997
19242996
19242995
19242994
19242993
19242992
19242991
19177452
19177451
19177450
19177449
19177448
19177447
19177446
19177445
19177444
19177442
19177441
19177440
19177439
19177438
19177437
19177436
19177435
19177434
19177433
19109850
19109849
19109848
19109847
19109846
19109845
19109844
19109843
19109841
19109840
19109839
19109838
19109837
19109836
19109835
19109834
19109833
19109832
19109831
19058421
19058420
19058419
19025933
19025932
19025928
19025927
19025926
19025925
19025924
19025923
19025922
19025921
19025920
19025919
19025918
19025917
19025916
19025915
19025914
18998245
18998244
18998243
18975296
18975295
18975294
18975293
18975292
18975291
18975290
18975289
18975288
18975287
18975286
18975283
18975282
18975280
18975279
18975278
18975277
18975276
18975275
18975274
18975273
18975272
18975271
18975270
18972572
18841634
18841633
18841632
18825732
18825728
18825724
18825723
18825722
18825721
18825720
18825719
18825715
18825714
18825713
18825712
18825711
18825710
18825709
18825708
18825707
18825706
18825705
18825704
18825703
18825702
18825699
18825698
18825697
18825695
18825688
18825687
18825686
18825685
18825684
18825683
18825682
18825681
18825680
18825679
18825678
18825677
18773549
18773548
18773547
18756511
18756495
18756494
18756490
18756489
18756488
18756487
18756485
18756472
18756471
18756470
18756467
18756466
18756465
18756459
18756458
18756457
18756456
18756454
18756453
18756452
18756451
18756450
18756449
18756448
18680876
18680875
18680874
18668684
18668670
18668669
18668668
18668667
18668666
18668665
18668664
18668662
18668661
18668660
18668659
18668658
18668657
18668656
18668655
18668654
18668653
18668652
18668651
18668650
18668649
18668648
18668647
18668646
18581513
18581512
18581511
18581510
18581509
18581508
18581507
18581506
18581505
18581504
18581486
18581485
18581484
18581483
18581478
18581477
18581476
18581466
18581465
18581464
18581463
18581462
18581461
18581460
18508382
18508379
18508378
18508377
18508376
18508375
18508374
18508373
18508372
18508370
18508369
18508368
18508367
18508366
18508365
18508363
18508359
18508358
18508357
18508355
18453049
18453048
18453047
18433070
18433069
18433068
18433067
18433066
18433065
18433056
18433054
18433053
18433050
18433049
18433046
18433045
18433038
18433037
18433036
18433035
18433034
18433033
18433032
18412260
18396486
18396484
18396483
18383108
18383107
18383106
18383105
18383096
18383095
18383094
18383093
18383092
18383091
18383090
18383089
18383088
18383087
18383086
18383085
18383084
18383083
18383082
18383081
18383080
18383079
18383078
18383077
18326088
18326087
18326086
18324677
18324666
18324658
18324657
18324656
18324621
18324620
18306388
18306387
18306384
18306382
18306381
18306380
18306377
18306376
18306374
18306373
18306366
18306365
18306356
18306349
18306348
18306339
18306332
18306331
18306330
18306329
18306328
18300390
18300389
18300388
18266211
18251094
18251093
18251092
18236447
18236446
18236445
18236444
18236443
18236412
18236411
18236407
18236406
18236405
18236404
18236403
18236402
18236398
18236397
18236396
18236395
18236394
18236393
18236392
18236391
18236389
18236388
18236387
18236386
18178986
18178985
18161844
18161843
18161842
18161840
18161839
18161838
18161830
18161829
18161828
18161800
18161799
18161798
18161797
18161796
18161795
18161777
18161776
18161771
18161770
18161769
18161767
18161766
18161765
18161764
18074431
18069162
18064764
18044788
18044787
18044786
18044785
18044784
18044783
18044782
18044781
18044780
18044779
18044778
18044771
18044769
18044766
18044764
18044761
18044757
18044754
18044753
18044752
18044750
18044746
18044743
18044728
18044717
17972422
17972421
17969210
17969209
17969208
17969207
17969206
17969205
17969204
17969203
17969202
17969201
17969199
17969198
17969197
17969196
17969195
17969194
17969193
17969192
17969191
17969190
17969189
17969188
17969187
17969186
17969185
17969184
17969182
17969095
17969094
17969093
17969092
17969091
17969090
17969089
17969088
17969087
17969086
17969072
17969071
17969070
17969069
17969068
17969067
17969066
17924517
17924515
17924513
17902142
17902141
17902140
17902139
17902138
17902137
17902136
17902135
17902134
17902133
17902132
17902131
17902130
17902129
17902128
17902127
17902126
17902125
17902124
17902123
17902122
17806211
17763405
17763404
17763403
17763402
17763401
17763400
17763399
17763398
17763397
17763392
17763391
17763390
17763389
17763388
17763387
17763386
17763385
17763384
17763383
17763382
17763381
17763380
17763379
17717858
17717857
17717856
17665493
17663415
17663414
17663413
17663412
17663411
17663410
17663409
17663408
17663407
17663405
17663403
17663402
17663401
17663400
17663399
17663398
17663397
17663396
17663395
17663394
17663393
17663392
17663391
17663390
17633767
17600362
17600361
17600360
17600358
17600357
17600356
17600355
17600354
17600353
17600352
17600351
17600350
17600349
17600348
17600347
17600346
17600345
17600344
17600343
17600336
17582850
17582849
17582848
17563933
17563932
17563931
17539016
17539015
17539013
17539010
17539009
17539008
17539007
17539006
17539005
17539004
17539003
17539002
17539001
17539000
17538999
17538998
17538997
17538996
17538995
17538994
17538993
17538990
17538989
17538988
17538987
17520743
17520742
17494129
17494128
17494127
17457935
17457933
17457932
17457930
17457928
17457911
17457898
17457897
17457893
17457891
17457890
17457887
17457885
17457869
17457868
17457867
17457866
17457860
17457859
17457858
17457857
17457856
17436334
17427174
17427173
17427172
17396293
17396292
17396291
17394169
17394168
17394167
17394166
17394165
17394164
17394163
17394156
17394155
17394154
17394153
17394152
17394151
17394150
17394149
17394148
17394147
17394146
17394145
17394144
17394143
17394142
17377916
17377915
17377914
17370335
17370334
17370333
17370332
17370331
17370330
17354292
17354291
17354290
17326221
17326058
17323365
17318874
17318873
17318872
17318871
17318870
17318868
17318867
17318866
17318865
17318864
17318863
17318862
17318861
17318860
17318859
17318857
17318856
17318855
17318854
17318853
17312578
17312577
17312576
17260390
17256786
17256785
17256784
17256783
17256782
17256781
17256780
17256779
17256778
17256777
17256776
17256775
17256774
17256760
17256758
17256757
17256756
17219396
17205563
17205561
17205558
17205553
17193700
17192909
17192908
17192907
17192906
17192905
17192904
17192903
17192891
17192890
17192889
17192873
17192862
17192861
17192860
17192859
17192857
17192856
17192855
17192854
17191332
17191331
17154402
17154401
17154400
17154398
17154395
17154392
20480943
17133591
17133590
17133588
17133587
17133586
17133585
17133584
17133583
17133576
17133575
17133574
17133573
17133572
17133571
17133569
17133568
17133567
17133566
17133565
17133564
17133563
17133562
17123294
17123293
17123292
17123291
17123290
17123289
17123288
17123287
17123286
17123285
17123284
17123283
17123282
17123281
17123280
17123279
17123278
17123277
17123272
17117434
17066532
17066531
17066530
17058268
17058258
17058257
17058256
17058255
17058254
17058253
17058252
17058251
17058250
17058249
17058248
17058247
17058246
17058245
17058230
17051568
17051567
17051566
17051565
17051564
17051563
17051562
17051561
17051560
17051559
17051558
17051557
17051556
17051555
17051554
17051553
17051552
17051551
17031831
17031830
17031829
17031828
17031827
17031826
17031825
17029284
17029283
17029282
17004267
17004266
17004265
17004264
17004262
17004261
17004260
17004259
17004258
17004256
17004255
17004254
17004253
17004251
17004250
17004249
17004248
17001759
17001758
17001757
16964597
16964595
16964594
16964590
16964589
16952177
16952176
16952175
16952174
16952167
16952166
16948184
16948183
16948182
16937330
16933237
16933236
16933235
16933234
16933233
16933232
16933231
16933230
16933229
16933228
16933227
16933226
16933225
16933224
16874898
16874897
16874896
16868959
16868957
16868956
16868955
16868953
16868951
16868950
16868949
16868948
16868947
16868945
16868944
16838292
16838291
16826556
16823954
16823953
16823952
16823833
16799959
16799958
16799957
16799955
16799953
16799952
16799950
16799949
16799948
16799947
16799946
16799945
16799944
16799943
16799942
16799941
16799940
16799939
16799938
16799937
16799936
16773638
16773637
16741932
16741931
16741930
16741929
16741905
16741903
16741902
16741901
16741899
16724340
16724339
16724338
16724337
16724336
16724335
16724331
16721781
16721780
16721779
16721778
16721777
16721776
16721775
16721774
16721773
16721772
16721768
16721765
16721764
16721763
16710858
16710856
16710855
16710854
16708421
16708420
16708419
16676408
16676407
16676406
16628705
16628704
16628703
16628701
16628700
16628699
16628698
16628697
16628696
16628695
16628694
16628693
16628692
16628691
16628690
16628689
16628687
16628685
16628684
16628683
16628682
16628681
16628680
16628679
16622844
16598850
16598849
16598847
16598843
16598792
16598784
16598780
16598777
16598742
16568562
16568561
16568560
16555339
16555338
16555337
16555336
16555335
16555333
16555332
16555331
16555330
16555329
16555328
16555327
16555326
16555325
16555324
16555323
16555322
16555321
16555320
16555319
16555318
16555316
16555315
16555314
16555313
16528717
16528716
16528715
16528714
16528713
16528712
16528711
16528710
16528681
16498712
16498711
16498710
16498709
16498667
16498664
16498663
16498662
16498661
16498660
16498659
16498658
16498657
16498656
16498655
16498654
16498653
16498651
16498650
16498649
16498648
16498647
16498646
16498645
16498644
16498643
16498642
16496279
16496278
16496277
16489583
16482577
16482561
16482553
16456831
16456830
16447210
16447209
16447208
16447207
16447205
16447204
16447203
16447202
16447201
16447200
16447199
16447198
16447197
16447196
16447195
16447194
16447193
16447192
16447191
16447190
16447189
16447188
16447187
16447186
16447185
16447184
16382477
16382475
16382474
16382473
16382472
16382471
16382470
16382469
16382468
16382467
16382466
16382465
16382464
16382463
16382462
16382461
16382460
16382459
16382458
16382457
16382456
16382455
16382454
16382453
16382452
16382451
16382450
16315314
16315313
16315312
16315311
16315310
16315309
16315308
16315307
16315306
16315305
16315304
16315301
16315300
16315299
16315298
16315297
16315296
16315295
16315294
16315293
16315292
16315291
16315290
16258953
16258952
16237730
16237729
16237728
16237727
16237726
16237721
16237718
16237717
16237716
16237715
16237714
16237713
16237712
16237711
16237710
16237709
16237708
16237702
16237701
16237700
16237699
16237698
16237697
16237696
16237695
16237694
16237693
16237692
16237691
16237690
16237689
16237688
16237684
16237683
16237682
16184595
16184580
16184572
16184571
16184570
16184569
16184568
16184567
16184566
16184565
16184564
16184563
16184561
16184559
16184558
16184557
16184556
16184555
16184545
16184544
16184542
16184541
16184540
16184539
16184522
16184521
16123974
16123972
16123971
16123970
16123969
16123968
16123967
16123966
16123965
16123964
16123961
16123960
16123959
16123958
16123957
16123956
16123955
16123954
16123953
16123952
16123951
16123950
16035096
16035095
16035091
16035090
16035089
16035087
16035084
16035083
16035082
16035081
16035074
16035073
16035072
16035071
16035070
16035068
16035067
16035064
16035063
16035060
16035059
16035058
16035057
15973726
15973725
15973724
15973723
15973722
15973721
15973720
15973719
15973718
15973716
15973714
15973713
15973711
15973710
15973709
15973708
15973707
15973706
15973705
15973703
15973702
15915501
15915500
15915499
15915498
15915497
15915496
15915495
15915494
15915493
15915492
15915491
15915490
15915489
15915488
15915485
15915484
15915483
15915482
15915481
15838917
15838915
15838914
15838913
15838910
15838891
15838889
15838888
15838886
15838883
15838880
15838878
15838874
15838872
15838869
15838867
15838866
15776460
15776459
15776458
15776456
15776455
15776454
15776453
15776438
15776431
15776421
15776414
15776413
15776411
15776410
15776404
15776403
15776402
15719412
15719410
15719409
15719408
15719407
15719406
15719405
15719404
15719403
15719402
15719401
15719399
15719394
15719393
15719390
15719389
15719388
15719387
15719386
15719385
15690549
15690548
15690546
15690545
15690544
15690543
15690542
15690541
15690540
15690539
15690538
15690537
15690536
15690535
15690534
15690533
15690532
15690531
15690530
15690529
15666395
15666394
15666393
15666392
15666391
15666386
15666384
15666383
15666382
15666381
15666380
15666379
15666378
15666377
15666376
15666375
15666374
15666373
15666372
15666371
15558841
15558840
15558836
15558835
15558654
15558653
15558599
15558596
15558593
15558590
15558589
15558588
15558587
15558586
15558585
15558584
15558582
15497163
15497162
15497161
15497160
15497159
15497158
15497157
15497156
15497151
15497150
15497149
15497148
15497147
15497145
15497144
15390339
15390338
15390337
15390336
15390335
15390334
15390333
15390332
15390331
15390330
15390329
15390328
15390327
15390326
15390325
15390324
15390323
15390322
15390321
15390320
15384170
15382288
15382287
15382286
15382225
15382224
15382223
15382222
15382221
15382220
15382219
15382218
15382217
15382216
15382215
15382214
15376341
15376340
15376339
15376338
15376337
15376336
15376312
15376311
15376310
15376309
15376308
15376307
15376306
15376305
15376304
15376303
15376302
15376301
15350020
15350019
15350018
15350017
15350016
15350015
15350014
15350013
15350012
15350011
15350010
15350009
15350008
15350007
15350006
15350005
15350004
15350003
15350002
15350001
15350000
15349999
15349998
15349997
15349996
15237385
15237384
15237383
15237382
15237381
15237380
15237379
15237378
15237377
15237376
15237375
15237374
15237373
15237372
15237371
15237370
15237369
15237368
15237367
15237366
15237365
15237364
15237363
15164459
15162479
15162478
15162477
15162476
15162475
15162474
15162473
15162472
15162471
15162470
15162469
15162468
15162467
15162466
15162465
15162464
15162463
15108268
15108267
15108266
15108265
15108264
15108263
15108262
15108261
15108260
15108259
15108258
15108257
15108256
15108255
15108254
15108253
15108252
15108251
15108250
15108249
15108248
15048805
15048804
15048803
15048802
15048801
15048800
15048799
15048798
15048797
15048796
15048795
15048794
15048793
15048792
15048791
15048790
15048789
15048788
15015495
15004780
15004779
15004778
15004777
15004776
15004775
15004774
15004773
15004772
15004771
15004770
15004769
15004768
15004767
15004766
15004765
15004764
15004763
15004762
15004761
15004760
15004759
15004758
15004757
14762876
14762875
14762874
14762873
14762872
14762871
14762870
14762869
14762868
14762867
14762866
14762865
14762864
14762863
14762862
14762861
14762860
14762859
14762858
14762857
14762856
14762855
14762854
14762853
14762852
14762851
14762850
14762849
14762848
14762847
14762846
14762845
14762844
14762843
14762842
14762841
14762840
14762839
14762838
14762837
14762836
14762835
14762834
14762833
14762832
14762831
14762830
14755797
14755796
14755795
14755794
14755793
14755792
14755791
14755790
14755789
14755788
14755787
14755786
14755785
14755784
14755783
14755782
14755781
14755780
14755779
14755778
14755777
14755776
14755775
14755774
14755773
14755772
14755771
14625836
14625835
14625834
14625833
14625832
14625831
14625830
14625829
14625828
14625827
14625826
14625825
14625824
14625823
14625822
14586906
14586905
14586904
14586903
14586902
14586901
14586900
14586899
14586898
14586897
14586896
14586895
14586894
14586893
14586892
14586891
14586890
14586889
14586888
14586887
14586886
14586885
14586884
14586883
14586882
14586881
14586880
14586879
14586878
14586877
14586876
14586875
14586874
14586873
14586872
14528434
14528433
14528432
14528431
14528430
14528429
14528428
14528427
14528426
14528425
14528424
14528423
14528422
14528421
14528420
14526413
14526412
14526410
14526409
14526408
14526407
14526406
14526405
14526404
14526403
14526402
14526401
14526400
14526399
14526398
14526397
14526396
14526395
14526394
14526393
12942478
12942477
12942476
12942475
12942474
12942473
12942472
12942471
12942470
12942469
12942468
12942467
12942466
12942465
12942464
12942463
12942462
12942461
12942460
12942459
12942458
12942457
12942456
12942455
12942454
12942453
12942452
12942451
12942450
12942449
12884207
12884206
12884205
12884204
12884203
12884202
12884201
12884200
12884199
12884198
12884197
12884196
12884195
12884194
12884193
12884192
12884191
12884190
12884189
12827571
12827570
12827569
12827568
12827567
12827566
12827565
12827564
12827563
12827562
12827561
12827560
12827559
12827558
12827557
12827556
12827555
12827554
12827553
12827552
12827551
12827550
12827549
12783412
12783411
12783410
12783409
12783408
12783407
12783406
12783405
12783404
12783403
12783402
12783401
12783400
12783399
12783398
12783397
12783396
12783395
12783394
12783393
12783392
12740801
12740800
12740799
12740798
12740797
12740796
12740795
12740794
12740793
12740792
12740791
12740790
12740789
12740788
12740787
12740786
12682891
12682890
12682901
12682900
12682899
12682898
12682897
12682896
12682895
12682894
12682893
12682892
12682889
12682888
12682887
12682886
12682885
12682884
12682883
12682882
12682881
12619030
12619029
12619028
12619027
12619026
12619025
12619024
12619023
12619022
12619021
12619020
12619019
12619018
12619017
12619016
12548518
12548517
12548516
12548515
12548514
12548513
12548512
12548511
12548510
12548509
12548508
12548507
12548506
12548505
12548504
12548503
12548502
12514780
12514779
12514778
12514777
12514776
12514775
12514774
12514773
12514772
12514771
12514770
12514769
12514768
12514767
12514766
12474164
12474163
12474162
12474161
12474160
12474159
12474158
12474157
12474156
12474155
12474154
12474153
12474152
12474151
12474150
12474149
12474148
12474147
12462205
12424728
12424727
12424726
12424725
12424724
12424723
12424722
12424721
12424720
12424719
12424718
12424717
12424716
12424715
12424714
12424713
12424712
12424711
12424710
12362306
12362305
12362304
12362303
12362302
12362301
12362300
12362299
12362298
12362297
12362296
12362295
12362294
12362293
12362292
12362291
12362290
12360448
12360447
12360446
12360445
12360444
12360443
12360442
12360441
12360440
12360439
12360438
12360437
12360436
12360435
12360434
12360433
12360432
12360431
12360430
12360429
12360428
12360427
12360426
12200792
12200791
12200790
12200789
12200788
12200787
12200786
12200785
12200784
12200783
12200782
12200781
12200780
12200779
12200778
12200777
12200776
12200775
12200774
12200773
12200772
12149770
12149769
12149768
12149767
12149766
12149765
12149764
12149763
12149762
12149761
12149760
12149759
12149758
12149757
12149756
12149755
12089722
12089721
12089720
12089719
12089718
12089717
12089716
12089715
12089714
12089713
12089712
12089711
12089710
12089709
12089708
12037793
12037792
12037791
12037790
12037789
12037788
12037787
12037786
12037785
12037784
12037783
12037782
12037781
12037780
12004353
12004352
12004351
12004350
12004349
12004348
12004347
12004346
12004345
12004344
12004343
12004342
12004341
12004340
11965590
11965589
11965588
11965587
11965586
11965585
11965584
11965583
11965582
11965581
11965580
11965579
11965578
11965577
11965576
11965575
11965574
11965573
11910579
11910578
11910577
11910576
11910575
11910574
11910573
11910572
11910571
11910570
11910569
11910568
11910567
11910566
11910565
11910564
11883493
11862598
11862597
11862596
11862595
11862594
11862593
11862592
11862591
11862590
11862589
11862588
11862587
11862586
11862585
11862584
11799494
11799493
11799492
11799491
11799490
11799489
11799488
11799487
11799486
11799485
11799484
11799483
11799482
11799481
11799480
11799479
11780649
11753913
11753912
11753911
11753910
11753909
11753908
11753907
11753906
11753905
11753904
11753903
11753902
11699040
11699039
11699038
11699037
11699036
11699035
11699034
11699033
11699032
11699031
11699030
11699029
11699028
11689784
11689783
11689782
11689781
11689780
11689779
11689778
11689777
11689776
11689775
11689774
11689773
11689772
11689771
11679996
11679995
11679994
11679993
11679992
11679991
11679990
11679989
11679988
11679987
11679986
11679985
11679984
11679983
11679982
11679981
11679980
11552222
11552221
11552220
11552219
11552218
11552217
11552216
11552215
11552214
11552213
11552212
11552211
11552210
11552209
11552208
11552207
11510024
11510023
11510022
11510021
11510020
11510019
11510018
11510017
11510016
11510015
11510014
11510013
11510012
11510011
11510010
11510009
11460239
11460238
11460237
11460236
11460235
11460234
11460233
11460232
11460231
11460230
11460229
11460228
11460227
11460226
11460225
11460224
11460223
11460222
11443590
11443589
11443588
11443587
11443586
11443585
11443584
11443583
11443582
11443581
11443580
11443579
11443578
11443577
11443576
11443575
11443574
11443573
11349271
11349270
11349269
11349268
11349267
11349266
11349265
11349264
11349263
11349262
11349261
11349260
11349259
11349258
11303302
11303301
11303300
11303299
11303298
11303297
11303296
11303295
11303294
11303293
11303292
11303291
11303290
11303289
11303288
11303287
11303286
11244175
11244174
11244173
11244172
11244171
11244170
11244169
11244168
11244167
11244166
11244165
11244164
11244163
11244162
11244161
11244160
11244159
11244158
11244157
11244156
11244155
11203009
11172403
11172402
11172401
11172400
11172399
11172398
11172397
11172396
11172395
11172394
11172393
11172392
11172391
11172390
11172389
11172388
11150428
11150427
11150426
11150425
11150424
11150423
11150422
11150421
11150420
11150419
11150418
11150417
11150416
11150415
11150414
11150413
11142912
11084091
11084090
11084089
11084088
11084087
11084086
11084085
11084084
11084083
11084082
11084081
11084080
11084079
11084078
11084076
11084075
11084074
11084073
11084072
11084071
11084070
11084069
11084068
11084067
11084066
11084065
11084064
11084063
11084062
11084061
11084060
11084059
11084058
11084057
11084056
11084055
11084054
11084053
11084052
11084077
11041671
11032466
10980071
10980070
10980069
10980068
10980067
10980066
10980065
10980064
10980063
10980062
10980061
10980060
10980059
10980058
10980057
10980056
10980055
10980054
10980053
10980052
10980051
10980050
10915197
10915196
10915195
10915194
10915193
10915192
10915191
10915190
10915189
10915188
10915187
10915186
10915185
10915184
10915183
10915180
10915179
10915178
10915177
10915176
10915175
10915174
10915173
10915172
10915171
10915170
10915169
10915168
10915167
10915166
10915165
10915164
10915163
10915162
10915161
10915160
10915159
10915182
10915181
10915158
10858082
10858081
10858080
10827248
10827247
10827246
10827245
10827244
10827243
10827242
10827241
10827240
10827239
10827238
10827237
10827236
10827235
10827234
10827233
10827232
10827231
10827230
10827229
10827228
10827227
10827226
10827225
10827224
10787281
10787280
10719031
10719030
10719029
10719028
10719027
10719026
10719025
10719024
10719023
10719022
10719021
10719020
10719019
10719018
10719017
10719016
10719015
10719014
10719013
10719012
10719011
10719010
10648593
10648588
10648587
10648586
10648585
10648584
10648583
10648582
10648581
10648580
10648579
10648578
10648577
10648576
10648575
10648574
10648573
10648592
10648591
10648590
10648589
10648572
